3ptk_A               -          M0Z9P2_HORVD         -             2e-165  555.1   4.5  2.4e-165  554.8   4.5   1.0   1   0   0   1   1   1   1 
3ptk_B               -          M0Z9P2_HORVD         -             2e-165  555.1   4.5  2.4e-165  554.8   4.5   1.0   1   0   0   1   1   1   1 
3ptm_A               -          M0Z9P2_HORVD         -             2e-165  555.1   4.5  2.4e-165  554.8   4.5   1.0   1   0   0   1   1   1   1 
3ptm_B               -          M0Z9P2_HORVD         -             2e-165  555.1   4.5  2.4e-165  554.8   4.5   1.0   1   0   0   1   1   1   1 
3ptq_A               -          M0Z9P2_HORVD         -             2e-165  555.1   4.5  2.4e-165  554.8   4.5   1.0   1   0   0   1   1   1   1 
3ptq_B               -          M0Z9P2_HORVD         -             2e-165  555.1   4.5  2.4e-165  554.8   4.5   1.0   1   0   0   1   1   1   1 
3wq4_A               -          M0Z9P2_HORVD         -           3.9e-147  494.8   4.5  4.6e-147  494.6   4.5   1.0   1   0   0   1   1   1   1 
3wq4_B               -          M0Z9P2_HORVD         -           3.9e-147  494.8   4.5  4.6e-147  494.6   4.5   1.0   1   0   0   1   1   1   1 
3wq5_A               -          M0Z9P2_HORVD         -           3.9e-147  494.8   4.5  4.6e-147  494.6   4.5   1.0   1   0   0   1   1   1   1 
3wq5_B               -          M0Z9P2_HORVD         -           3.9e-147  494.8   4.5  4.6e-147  494.6   4.5   1.0   1   0   0   1   1   1   1 
3wq6_A               -          M0Z9P2_HORVD         -           3.9e-147  494.8   4.5  4.6e-147  494.6   4.5   1.0   1   0   0   1   1   1   1 
3wq6_B               -          M0Z9P2_HORVD         -           3.9e-147  494.8   4.5  4.6e-147  494.6   4.5   1.0   1   0   0   1   1   1   1 
1cbg_A               -          M0Z9P2_HORVD         -           1.9e-146  492.5   4.6  2.3e-146  492.3   4.6   1.0   1   0   0   1   1   1   1 
3zj6_A               -          M0Z9P2_HORVD         -           1.1e-137  463.7   3.5    3e-136  458.9   3.5   2.0   1   1   0   1   1   1   1 
3zj6_B               -          M0Z9P2_HORVD         -           1.1e-137  463.7   3.5    3e-136  458.9   3.5   2.0   1   1   0   1   1   1   1 
4a3y_A               -          M0Z9P2_HORVD         -           1.1e-137  463.7   3.5    3e-136  458.9   3.5   2.0   1   1   0   1   1   1   1 
4a3y_B               -          M0Z9P2_HORVD         -           1.1e-137  463.7   3.5    3e-136  458.9   3.5   2.0   1   1   0   1   1   1   1 
4atd_A               -          M0Z9P2_HORVD         -           1.2e-137  463.6   3.5  3.2e-136  458.9   3.5   2.0   1   1   0   1   1   1   1 
4atd_B               -          M0Z9P2_HORVD         -           1.2e-137  463.6   3.5  3.2e-136  458.9   3.5   2.0   1   1   0   1   1   1   1 
4atl_A               -          M0Z9P2_HORVD         -           1.2e-137  463.6   3.5  3.2e-136  458.9   3.5   2.0   1   1   0   1   1   1   1 
4atl_B               -          M0Z9P2_HORVD         -           1.2e-137  463.6   3.5  3.2e-136  458.9   3.5   2.0   1   1   0   1   1   1   1 
3u57_A               -          M0Z9P2_HORVD         -           2.8e-137  462.4   3.3  7.6e-136  457.6   3.3   2.0   1   1   0   1   1   1   1 
3u57_B               -          M0Z9P2_HORVD         -           2.8e-137  462.4   3.3  7.6e-136  457.6   3.3   2.0   1   1   0   1   1   1   1 
3u5u_A               -          M0Z9P2_HORVD         -           2.8e-137  462.4   3.3  7.6e-136  457.6   3.3   2.0   1   1   0   1   1   1   1 
3u5u_B               -          M0Z9P2_HORVD         -           2.8e-137  462.4   3.3  7.6e-136  457.6   3.3   2.0   1   1   0   1   1   1   1 
3u5y_A               -          M0Z9P2_HORVD         -           2.8e-137  462.4   3.3  7.6e-136  457.6   3.3   2.0   1   1   0   1   1   1   1 
3u5y_B               -          M0Z9P2_HORVD         -           2.8e-137  462.4   3.3  7.6e-136  457.6   3.3   2.0   1   1   0   1   1   1   1 
4ek7_A               -          M0Z9P2_HORVD         -           2.8e-137  462.4   3.3  7.6e-136  457.6   3.3   2.0   1   1   0   1   1   1   1 
4ek7_B               -          M0Z9P2_HORVD         -           2.8e-137  462.4   3.3  7.6e-136  457.6   3.3   2.0   1   1   0   1   1   1   1 
2jf6_A               -          M0Z9P2_HORVD         -           2.6e-125  422.9   2.6  3.2e-125  422.6   2.6   1.0   1   0   0   1   1   1   1 
2jf6_B               -          M0Z9P2_HORVD         -           2.6e-125  422.9   2.6  3.2e-125  422.6   2.6   1.0   1   0   0   1   1   1   1 
2jf7_A               -          M0Z9P2_HORVD         -           2.6e-125  422.9   2.6  3.2e-125  422.6   2.6   1.0   1   0   0   1   1   1   1 
2jf7_B               -          M0Z9P2_HORVD         -           2.6e-125  422.9   2.6  3.2e-125  422.6   2.6   1.0   1   0   0   1   1   1   1 
3zj7_A               -          M0Z9P2_HORVD         -           2.6e-125  422.9   2.6  3.2e-125  422.6   2.6   1.0   1   0   0   1   1   1   1 
3zj7_B               -          M0Z9P2_HORVD         -           2.6e-125  422.9   2.6  3.2e-125  422.6   2.6   1.0   1   0   0   1   1   1   1 
3zj8_A               -          M0Z9P2_HORVD         -           2.6e-125  422.9   2.6  3.2e-125  422.6   2.6   1.0   1   0   0   1   1   1   1 
3zj8_B               -          M0Z9P2_HORVD         -           2.6e-125  422.9   2.6  3.2e-125  422.6   2.6   1.0   1   0   0   1   1   1   1 
1v02_E               -          M0Z9P2_HORVD         -           1.4e-124  420.5   0.8  2.1e-124  420.0   0.8   1.1   1   0   0   1   1   1   1 
1v03_A               -          M0Z9P2_HORVD         -           2.8e-124  419.5   0.8  4.1e-124  419.0   0.8   1.1   1   0   0   1   1   1   1 
1v02_A               -          M0Z9P2_HORVD         -           3.8e-124  419.1   0.8  5.4e-124  418.6   0.8   1.1   1   0   0   1   1   1   1 
1v02_B               -          M0Z9P2_HORVD         -           3.8e-124  419.1   0.8  5.4e-124  418.6   0.8   1.1   1   0   0   1   1   1   1 
1v02_C               -          M0Z9P2_HORVD         -           3.8e-124  419.1   0.8  5.4e-124  418.6   0.8   1.1   1   0   0   1   1   1   1 
1v02_D               -          M0Z9P2_HORVD         -           3.8e-124  419.1   0.8  5.4e-124  418.6   0.8   1.1   1   0   0   1   1   1   1 
1v02_F               -          M0Z9P2_HORVD         -           3.8e-124  419.1   0.8  5.4e-124  418.6   0.8   1.1   1   0   0   1   1   1   1 
3gno_A               -          M0Z9P2_HORVD         -           2.4e-123  416.5   2.8  2.8e-123  416.2   2.8   1.0   1   0   0   1   1   1   1 
3gnp_A               -          M0Z9P2_HORVD         -           2.4e-123  416.5   2.8  2.8e-123  416.2   2.8   1.0   1   0   0   1   1   1   1 
3gnr_A               -          M0Z9P2_HORVD         -           2.4e-123  416.5   2.8  2.8e-123  416.2   2.8   1.0   1   0   0   1   1   1   1 
3wba_A               -          M0Z9P2_HORVD         -           6.1e-123  415.1   2.7  7.2e-123  414.9   2.7   1.0   1   0   0   1   1   1   1 
3wbe_A               -          M0Z9P2_HORVD         -           6.1e-123  415.1   2.7  7.2e-123  414.9   2.7   1.0   1   0   0   1   1   1   1 
1hxj_A               -          M0Z9P2_HORVD         -           2.1e-121  410.0   4.0  2.7e-121  409.7   4.0   1.0   1   0   0   1   1   1   1 
1hxj_B               -          M0Z9P2_HORVD         -           2.1e-121  410.0   4.0  2.7e-121  409.7   4.0   1.0   1   0   0   1   1   1   1 
1e1e_A               -          M0Z9P2_HORVD         -           2.2e-121  410.0   4.0  2.8e-121  409.6   4.0   1.0   1   0   0   1   1   1   1 
1e1e_B               -          M0Z9P2_HORVD         -           2.2e-121  410.0   4.0  2.8e-121  409.6   4.0   1.0   1   0   0   1   1   1   1 
1e1f_A               -          M0Z9P2_HORVD         -           2.2e-121  410.0   4.0  2.8e-121  409.6   4.0   1.0   1   0   0   1   1   1   1 
1e1f_B               -          M0Z9P2_HORVD         -           2.2e-121  410.0   4.0  2.8e-121  409.6   4.0   1.0   1   0   0   1   1   1   1 
1e4l_A               -          M0Z9P2_HORVD         -           6.1e-121  408.5   4.1  7.8e-121  408.2   4.1   1.0   1   0   0   1   1   1   1 
1e4l_B               -          M0Z9P2_HORVD         -           6.1e-121  408.5   4.1  7.8e-121  408.2   4.1   1.0   1   0   0   1   1   1   1 
1e4n_A               -          M0Z9P2_HORVD         -           6.1e-121  408.5   4.1  7.8e-121  408.2   4.1   1.0   1   0   0   1   1   1   1 
1e4n_B               -          M0Z9P2_HORVD         -           6.1e-121  408.5   4.1  7.8e-121  408.2   4.1   1.0   1   0   0   1   1   1   1 
1e55_A               -          M0Z9P2_HORVD         -           6.1e-121  408.5   4.1  7.8e-121  408.2   4.1   1.0   1   0   0   1   1   1   1 
1e55_B               -          M0Z9P2_HORVD         -           6.1e-121  408.5   4.1  7.8e-121  408.2   4.1   1.0   1   0   0   1   1   1   1 
1e56_A               -          M0Z9P2_HORVD         -           6.1e-121  408.5   4.1  7.8e-121  408.2   4.1   1.0   1   0   0   1   1   1   1 
1e56_B               -          M0Z9P2_HORVD         -           6.1e-121  408.5   4.1  7.8e-121  408.2   4.1   1.0   1   0   0   1   1   1   1 
1v08_A               -          M0Z9P2_HORVD         -           6.1e-121  408.5   4.1  7.8e-121  408.2   4.1   1.0   1   0   0   1   1   1   1 
1v08_B               -          M0Z9P2_HORVD         -           6.1e-121  408.5   4.1  7.8e-121  408.2   4.1   1.0   1   0   0   1   1   1   1 
1h49_A               -          M0Z9P2_HORVD         -           4.6e-120  405.6   3.7  5.9e-120  405.3   3.7   1.0   1   0   0   1   1   1   1 
1h49_B               -          M0Z9P2_HORVD         -           4.6e-120  405.6   3.7  5.9e-120  405.3   3.7   1.0   1   0   0   1   1   1   1 
2dga_A               -          M0Z9P2_HORVD         -           3.1e-117  396.3   2.5  3.9e-117  396.0   2.5   1.0   1   0   0   1   1   1   1 
3aiq_A               -          M0Z9P2_HORVD         -           3.1e-117  396.3   2.5  3.9e-117  396.0   2.5   1.0   1   0   0   1   1   1   1 
3air_A               -          M0Z9P2_HORVD         -           3.1e-117  396.3   2.5  3.9e-117  396.0   2.5   1.0   1   0   0   1   1   1   1 
3aiu_A               -          M0Z9P2_HORVD         -             6e-117  395.4   3.3  8.2e-117  394.9   3.3   1.0   1   0   0   1   1   1   1 
3aiv_A               -          M0Z9P2_HORVD         -             6e-117  395.4   3.3  8.2e-117  394.9   3.3   1.0   1   0   0   1   1   1   1 
3aiw_A               -          M0Z9P2_HORVD         -             6e-117  395.4   3.3  8.2e-117  394.9   3.3   1.0   1   0   0   1   1   1   1 
3ais_A               -          M0Z9P2_HORVD         -           2.2e-116  393.5   2.5  2.7e-116  393.2   2.5   1.0   1   0   0   1   1   1   1 
2rgl_A               -          M0Z9P2_HORVD         -           5.4e-114  385.6   4.6  6.3e-114  385.4   4.6   1.0   1   0   0   1   1   1   1 
2rgl_B               -          M0Z9P2_HORVD         -           5.4e-114  385.6   4.6  6.3e-114  385.4   4.6   1.0   1   0   0   1   1   1   1 
2rgm_A               -          M0Z9P2_HORVD         -           5.4e-114  385.6   4.6  6.3e-114  385.4   4.6   1.0   1   0   0   1   1   1   1 
2rgm_B               -          M0Z9P2_HORVD         -           5.4e-114  385.6   4.6  6.3e-114  385.4   4.6   1.0   1   0   0   1   1   1   1 
4qll_A               -          M0Z9P2_HORVD         -           7.6e-114  385.1   4.2  8.9e-114  384.9   4.2   1.0   1   0   0   1   1   1   1 
4qll_B               -          M0Z9P2_HORVD         -           7.6e-114  385.1   4.2  8.9e-114  384.9   4.2   1.0   1   0   0   1   1   1   1 
4qlk_A               -          M0Z9P2_HORVD         -             1e-113  384.7   4.1  1.2e-113  384.5   4.1   1.0   1   0   0   1   1   1   1 
4qlk_B               -          M0Z9P2_HORVD         -             1e-113  384.7   4.1  1.2e-113  384.5   4.1   1.0   1   0   0   1   1   1   1 
3aht_A               -          M0Z9P2_HORVD         -           1.4e-113  384.3   4.5  1.6e-113  384.1   4.5   1.0   1   0   0   1   1   1   1 
3aht_B               -          M0Z9P2_HORVD         -           1.4e-113  384.3   4.5  1.6e-113  384.1   4.5   1.0   1   0   0   1   1   1   1 
3ahv_A               -          M0Z9P2_HORVD         -           1.4e-113  384.3   4.5  1.6e-113  384.1   4.5   1.0   1   0   0   1   1   1   1 
3ahv_B               -          M0Z9P2_HORVD         -           1.4e-113  384.3   4.5  1.6e-113  384.1   4.5   1.0   1   0   0   1   1   1   1 
3f4v_A               -          M0Z9P2_HORVD         -           1.4e-113  384.3   4.5  1.6e-113  384.1   4.5   1.0   1   0   0   1   1   1   1 
3f4v_B               -          M0Z9P2_HORVD         -           1.4e-113  384.3   4.5  1.6e-113  384.1   4.5   1.0   1   0   0   1   1   1   1 
3f5j_A               -          M0Z9P2_HORVD         -           1.4e-113  384.3   4.5  1.6e-113  384.1   4.5   1.0   1   0   0   1   1   1   1 
3f5j_B               -          M0Z9P2_HORVD         -           1.4e-113  384.3   4.5  1.6e-113  384.1   4.5   1.0   1   0   0   1   1   1   1 
3f5k_A               -          M0Z9P2_HORVD         -           1.4e-113  384.3   4.5  1.6e-113  384.1   4.5   1.0   1   0   0   1   1   1   1 
3f5k_B               -          M0Z9P2_HORVD         -           1.4e-113  384.3   4.5  1.6e-113  384.1   4.5   1.0   1   0   0   1   1   1   1 
3f5l_A               -          M0Z9P2_HORVD         -           1.4e-113  384.3   4.5  1.6e-113  384.1   4.5   1.0   1   0   0   1   1   1   1 
3f5l_B               -          M0Z9P2_HORVD         -           1.4e-113  384.3   4.5  1.6e-113  384.1   4.5   1.0   1   0   0   1   1   1   1 
3scv_A               -          M0Z9P2_HORVD         -           2.1e-113  383.7   4.7  2.5e-113  383.4   4.7   1.0   1   0   0   1   1   1   1 
3scv_B               -          M0Z9P2_HORVD         -           2.1e-113  383.7   4.7  2.5e-113  383.4   4.7   1.0   1   0   0   1   1   1   1 
3scr_A               -          M0Z9P2_HORVD         -           2.7e-113  383.3   4.6  3.2e-113  383.1   4.6   1.0   1   0   0   1   1   1   1 
3scr_B               -          M0Z9P2_HORVD         -           2.7e-113  383.3   4.6  3.2e-113  383.1   4.6   1.0   1   0   0   1   1   1   1 
3scs_A               -          M0Z9P2_HORVD         -           2.7e-113  383.3   4.6  3.2e-113  383.1   4.6   1.0   1   0   0   1   1   1   1 
3scs_B               -          M0Z9P2_HORVD         -           2.7e-113  383.3   4.6  3.2e-113  383.1   4.6   1.0   1   0   0   1   1   1   1 
4qlj_A               -          M0Z9P2_HORVD         -           3.1e-113  383.1   4.3  3.6e-113  382.9   4.3   1.0   1   0   0   1   1   1   1 
4qlj_B               -          M0Z9P2_HORVD         -           3.1e-113  383.1   4.3  3.6e-113  382.9   4.3   1.0   1   0   0   1   1   1   1 
3scp_A               -          M0Z9P2_HORVD         -           3.7e-113  382.9   4.6  4.3e-113  382.6   4.6   1.0   1   0   0   1   1   1   1 
3scp_B               -          M0Z9P2_HORVD         -           3.7e-113  382.9   4.6  4.3e-113  382.6   4.6   1.0   1   0   0   1   1   1   1 
3scq_A               -          M0Z9P2_HORVD         -           3.7e-113  382.9   4.6  4.3e-113  382.6   4.6   1.0   1   0   0   1   1   1   1 
3scq_B               -          M0Z9P2_HORVD         -           3.7e-113  382.9   4.6  4.3e-113  382.6   4.6   1.0   1   0   0   1   1   1   1 
3scw_A               -          M0Z9P2_HORVD         -           4.1e-113  382.7   4.3  4.7e-113  382.5   4.3   1.0   1   0   0   1   1   1   1 
3scw_B               -          M0Z9P2_HORVD         -           4.1e-113  382.7   4.3  4.7e-113  382.5   4.3   1.0   1   0   0   1   1   1   1 
3scn_A               -          M0Z9P2_HORVD         -           5.5e-113  382.3   4.7  6.4e-113  382.1   4.7   1.0   1   0   0   1   1   1   1 
3scn_B               -          M0Z9P2_HORVD         -           5.5e-113  382.3   4.7  6.4e-113  382.1   4.7   1.0   1   0   0   1   1   1   1 
3sco_A               -          M0Z9P2_HORVD         -           5.5e-113  382.3   4.7  6.4e-113  382.1   4.7   1.0   1   0   0   1   1   1   1 
3sco_B               -          M0Z9P2_HORVD         -           5.5e-113  382.3   4.7  6.4e-113  382.1   4.7   1.0   1   0   0   1   1   1   1 
3sct_A               -          M0Z9P2_HORVD         -           5.5e-113  382.3   4.7  6.4e-113  382.1   4.7   1.0   1   0   0   1   1   1   1 
3sct_B               -          M0Z9P2_HORVD         -           5.5e-113  382.3   4.7  6.4e-113  382.1   4.7   1.0   1   0   0   1   1   1   1 
3scu_A               -          M0Z9P2_HORVD         -           5.5e-113  382.3   4.7  6.4e-113  382.1   4.7   1.0   1   0   0   1   1   1   1 
3scu_B               -          M0Z9P2_HORVD         -           5.5e-113  382.3   4.7  6.4e-113  382.1   4.7   1.0   1   0   0   1   1   1   1 
4re2_A               -          M0Z9P2_HORVD         -           8.6e-113  381.7   7.9  1.1e-112  381.3   7.9   1.0   1   0   0   1   1   1   1 
4re3_A               -          M0Z9P2_HORVD         -           8.6e-113  381.7   7.9  1.1e-112  381.3   7.9   1.0   1   0   0   1   1   1   1 
4re4_A               -          M0Z9P2_HORVD         -           8.6e-113  381.7   7.9  1.1e-112  381.3   7.9   1.0   1   0   0   1   1   1   1 
4jho_A               -          M0Z9P2_HORVD         -           8.6e-113  381.7   7.9  1.1e-112  381.3   7.9   1.0   1   0   0   1   1   1   1 
4jie_A               -          M0Z9P2_HORVD         -           8.6e-113  381.7   7.9  1.1e-112  381.3   7.9   1.0   1   0   0   1   1   1   1 
1myr_A               -          M0Z9P2_HORVD         -             2e-111  377.2   5.5  2.4e-111  376.9   5.5   1.1   1   0   0   1   1   1   1 
1e4m_M               -          M0Z9P2_HORVD         -           6.9e-111  375.4   5.4  8.4e-111  375.1   5.4   1.1   1   0   0   1   1   1   1 
1e6q_M               -          M0Z9P2_HORVD         -           6.9e-111  375.4   5.4  8.4e-111  375.1   5.4   1.1   1   0   0   1   1   1   1 
1e6s_M               -          M0Z9P2_HORVD         -           6.9e-111  375.4   5.4  8.4e-111  375.1   5.4   1.1   1   0   0   1   1   1   1 
1e6x_M               -          M0Z9P2_HORVD         -           6.9e-111  375.4   5.4  8.4e-111  375.1   5.4   1.1   1   0   0   1   1   1   1 
1e70_M               -          M0Z9P2_HORVD         -           6.9e-111  375.4   5.4  8.4e-111  375.1   5.4   1.1   1   0   0   1   1   1   1 
1e71_M               -          M0Z9P2_HORVD         -           6.9e-111  375.4   5.4  8.4e-111  375.1   5.4   1.1   1   0   0   1   1   1   1 
1e72_M               -          M0Z9P2_HORVD         -           6.9e-111  375.4   5.4  8.4e-111  375.1   5.4   1.1   1   0   0   1   1   1   1 
1e73_M               -          M0Z9P2_HORVD         -           6.9e-111  375.4   5.4  8.4e-111  375.1   5.4   1.1   1   0   0   1   1   1   1 
1w9b_M               -          M0Z9P2_HORVD         -           6.9e-111  375.4   5.4  8.4e-111  375.1   5.4   1.1   1   0   0   1   1   1   1 
1w9d_M               -          M0Z9P2_HORVD         -           6.9e-111  375.4   5.4  8.4e-111  375.1   5.4   1.1   1   0   0   1   1   1   1 
2wxd_M               -          M0Z9P2_HORVD         -           6.9e-111  375.4   5.4  8.4e-111  375.1   5.4   1.1   1   0   0   1   1   1   1 
1dwa_M               -          M0Z9P2_HORVD         -           9.2e-111  375.0   5.4  1.1e-110  374.7   5.4   1.1   1   0   0   1   1   1   1 
1dwf_M               -          M0Z9P2_HORVD         -           9.2e-111  375.0   5.4  1.1e-110  374.7   5.4   1.1   1   0   0   1   1   1   1 
1dwg_M               -          M0Z9P2_HORVD         -           9.2e-111  375.0   5.4  1.1e-110  374.7   5.4   1.1   1   0   0   1   1   1   1 
1dwh_M               -          M0Z9P2_HORVD         -           9.2e-111  375.0   5.4  1.1e-110  374.7   5.4   1.1   1   0   0   1   1   1   1 
1dwi_M               -          M0Z9P2_HORVD         -           9.2e-111  375.0   5.4  1.1e-110  374.7   5.4   1.1   1   0   0   1   1   1   1 
1dwj_M               -          M0Z9P2_HORVD         -           9.2e-111  375.0   5.4  1.1e-110  374.7   5.4   1.1   1   0   0   1   1   1   1 
2e3z_A               -          M0Z9P2_HORVD         -            1.4e-99  338.2   3.3     2e-99  337.7   3.3   1.2   1   0   0   1   1   1   1 
2e3z_B               -          M0Z9P2_HORVD         -            1.4e-99  338.2   3.3     2e-99  337.7   3.3   1.2   1   0   0   1   1   1   1 
2e40_A               -          M0Z9P2_HORVD         -            1.4e-99  338.2   3.3     2e-99  337.7   3.3   1.2   1   0   0   1   1   1   1 
2e40_B               -          M0Z9P2_HORVD         -            1.4e-99  338.2   3.3     2e-99  337.7   3.3   1.2   1   0   0   1   1   1   1 
4mdo_A               -          M0Z9P2_HORVD         -              6e-98  332.8   2.9   7.7e-98  332.4   2.9   1.0   1   0   0   1   1   1   1 
4mdp_A               -          M0Z9P2_HORVD         -              6e-98  332.8   2.9   7.7e-98  332.4   2.9   1.0   1   0   0   1   1   1   1 
3ahy_A               -          M0Z9P2_HORVD         -            3.1e-95  323.8   2.9   4.3e-95  323.3   2.9   1.1   1   0   0   1   1   1   1 
3ahy_B               -          M0Z9P2_HORVD         -            3.1e-95  323.8   2.9   4.3e-95  323.3   2.9   1.1   1   0   0   1   1   1   1 
3ahy_C               -          M0Z9P2_HORVD         -            3.1e-95  323.8   2.9   4.3e-95  323.3   2.9   1.1   1   0   0   1   1   1   1 
3ahy_D               -          M0Z9P2_HORVD         -            3.1e-95  323.8   2.9   4.3e-95  323.3   2.9   1.1   1   0   0   1   1   1   1 
4gxp_A               -          M0Z9P2_HORVD         -            1.1e-94  322.1   2.9   1.4e-94  321.7   2.9   1.1   1   0   0   1   1   1   1 
4gxp_B               -          M0Z9P2_HORVD         -            1.1e-94  322.1   2.9   1.4e-94  321.7   2.9   1.1   1   0   0   1   1   1   1 
4gxp_C               -          M0Z9P2_HORVD         -            1.1e-94  322.1   2.9   1.4e-94  321.7   2.9   1.1   1   0   0   1   1   1   1 
5bwf_A               -          M0Z9P2_HORVD         -            1.7e-92  314.8   3.8   2.3e-92  314.3   3.8   1.1   1   0   0   1   1   1   1 
5bwf_B               -          M0Z9P2_HORVD         -            1.7e-92  314.8   3.8   2.3e-92  314.3   3.8   1.1   1   0   0   1   1   1   1 
1qox_A               -          M0Z9P2_HORVD         -            6.9e-71  243.6   3.0   1.7e-70  242.3   3.0   1.6   1   1   0   1   1   1   1 
1qox_B               -          M0Z9P2_HORVD         -            6.9e-71  243.6   3.0   1.7e-70  242.3   3.0   1.6   1   1   0   1   1   1   1 
1qox_C               -          M0Z9P2_HORVD         -            6.9e-71  243.6   3.0   1.7e-70  242.3   3.0   1.6   1   1   0   1   1   1   1 
1qox_D               -          M0Z9P2_HORVD         -            6.9e-71  243.6   3.0   1.7e-70  242.3   3.0   1.6   1   1   0   1   1   1   1 
1qox_E               -          M0Z9P2_HORVD         -            6.9e-71  243.6   3.0   1.7e-70  242.3   3.0   1.6   1   1   0   1   1   1   1 
1qox_F               -          M0Z9P2_HORVD         -            6.9e-71  243.6   3.0   1.7e-70  242.3   3.0   1.6   1   1   0   1   1   1   1 
1qox_G               -          M0Z9P2_HORVD         -            6.9e-71  243.6   3.0   1.7e-70  242.3   3.0   1.6   1   1   0   1   1   1   1 
1qox_H               -          M0Z9P2_HORVD         -            6.9e-71  243.6   3.0   1.7e-70  242.3   3.0   1.6   1   1   0   1   1   1   1 
1qox_I               -          M0Z9P2_HORVD         -            6.9e-71  243.6   3.0   1.7e-70  242.3   3.0   1.6   1   1   0   1   1   1   1 
1qox_J               -          M0Z9P2_HORVD         -            6.9e-71  243.6   3.0   1.7e-70  242.3   3.0   1.6   1   1   0   1   1   1   1 
1qox_K               -          M0Z9P2_HORVD         -            6.9e-71  243.6   3.0   1.7e-70  242.3   3.0   1.6   1   1   0   1   1   1   1 
1qox_L               -          M0Z9P2_HORVD         -            6.9e-71  243.6   3.0   1.7e-70  242.3   3.0   1.6   1   1   0   1   1   1   1 
1qox_M               -          M0Z9P2_HORVD         -            6.9e-71  243.6   3.0   1.7e-70  242.3   3.0   1.6   1   1   0   1   1   1   1 
1qox_N               -          M0Z9P2_HORVD         -            6.9e-71  243.6   3.0   1.7e-70  242.3   3.0   1.6   1   1   0   1   1   1   1 
1qox_O               -          M0Z9P2_HORVD         -            6.9e-71  243.6   3.0   1.7e-70  242.3   3.0   1.6   1   1   0   1   1   1   1 
1qox_P               -          M0Z9P2_HORVD         -            6.9e-71  243.6   3.0   1.7e-70  242.3   3.0   1.6   1   1   0   1   1   1   1 
2e9l_A               -          M0Z9P2_HORVD         -            1.8e-70  242.2   0.8   1.2e-69  239.6   0.8   2.0   1   1   0   1   1   1   1 
2e9m_A               -          M0Z9P2_HORVD         -            1.8e-70  242.2   0.8   1.2e-69  239.6   0.8   2.0   1   1   0   1   1   1   1 
2jfe_X               -          M0Z9P2_HORVD         -              2e-70  242.1   0.8   1.3e-69  239.4   0.8   2.0   1   1   0   1   1   1   1 
2zox_A               -          M0Z9P2_HORVD         -            4.7e-70  240.8   0.7     3e-69  238.2   0.7   2.0   1   1   0   1   1   1   1 
3vkk_A               -          M0Z9P2_HORVD         -            4.7e-70  240.8   0.7     3e-69  238.2   0.7   2.0   1   1   0   1   1   1   1 
1wcg_A               -          M0Z9P2_HORVD         -            3.2e-69  238.1   4.2   5.7e-69  237.3   4.2   1.4   1   0   0   1   1   1   1 
1wcg_B               -          M0Z9P2_HORVD         -            3.2e-69  238.1   4.2   5.7e-69  237.3   4.2   1.4   1   0   0   1   1   1   1 
3ahz_A               -          M0Z9P2_HORVD         -            7.6e-68  233.6   2.3   1.1e-67  233.0   2.3   1.2   1   0   0   1   1   1   1 
3vif_A               -          M0Z9P2_HORVD         -            7.6e-68  233.6   2.3   1.1e-67  233.0   2.3   1.2   1   0   0   1   1   1   1 
3vig_A               -          M0Z9P2_HORVD         -            7.6e-68  233.6   2.3   1.1e-67  233.0   2.3   1.2   1   0   0   1   1   1   1 
3vih_A               -          M0Z9P2_HORVD         -            7.6e-68  233.6   2.3   1.1e-67  233.0   2.3   1.2   1   0   0   1   1   1   1 
3vii_A               -          M0Z9P2_HORVD         -            7.6e-68  233.6   2.3   1.1e-67  233.0   2.3   1.2   1   0   0   1   1   1   1 
3ai0_A               -          M0Z9P2_HORVD         -            2.1e-67  232.1   2.4   3.2e-67  231.5   2.4   1.2   1   0   0   1   1   1   1 
3vim_A               -          M0Z9P2_HORVD         -            2.1e-67  232.1   2.4   3.2e-67  231.5   2.4   1.2   1   0   0   1   1   1   1 
3vin_A               -          M0Z9P2_HORVD         -            2.1e-67  232.1   2.4   3.2e-67  231.5   2.4   1.2   1   0   0   1   1   1   1 
3vio_A               -          M0Z9P2_HORVD         -            2.1e-67  232.1   2.4   3.2e-67  231.5   2.4   1.2   1   0   0   1   1   1   1 
3vip_A               -          M0Z9P2_HORVD         -            2.1e-67  232.1   2.4   3.2e-67  231.5   2.4   1.2   1   0   0   1   1   1   1 
3vik_A               -          M0Z9P2_HORVD         -            3.8e-67  231.3   2.3   5.7e-67  230.7   2.3   1.2   1   0   0   1   1   1   1 
3vil_A               -          M0Z9P2_HORVD         -            3.8e-67  231.3   2.3   5.7e-67  230.7   2.3   1.2   1   0   0   1   1   1   1 
3vij_A               -          M0Z9P2_HORVD         -            5.3e-67  230.8   2.3   7.9e-67  230.2   2.3   1.2   1   0   0   1   1   1   1 
3ahx_A               -          M0Z9P2_HORVD         -            2.2e-66  228.7   3.1   7.6e-65  223.7   3.1   2.3   1   1   0   1   1   1   1 
3ahx_B               -          M0Z9P2_HORVD         -            2.2e-66  228.7   3.1   7.6e-65  223.7   3.1   2.3   1   1   0   1   1   1   1 
3ahx_C               -          M0Z9P2_HORVD         -            2.2e-66  228.7   3.1   7.6e-65  223.7   3.1   2.3   1   1   0   1   1   1   1 
3ahx_D               -          M0Z9P2_HORVD         -            2.2e-66  228.7   3.1   7.6e-65  223.7   3.1   2.3   1   1   0   1   1   1   1 
5cg0_A               -          M0Z9P2_HORVD         -              2e-65  225.6   1.8   2.9e-65  225.1   1.8   1.3   1   0   0   1   1   1   1 
5cg0_B               -          M0Z9P2_HORVD         -              2e-65  225.6   1.8   2.9e-65  225.1   1.8   1.3   1   0   0   1   1   1   1 
5cg0_C               -          M0Z9P2_HORVD         -              2e-65  225.6   1.8   2.9e-65  225.1   1.8   1.3   1   0   0   1   1   1   1 
5cg0_D               -          M0Z9P2_HORVD         -              2e-65  225.6   1.8   2.9e-65  225.1   1.8   1.3   1   0   0   1   1   1   1 
5cg0_E               -          M0Z9P2_HORVD         -              2e-65  225.6   1.8   2.9e-65  225.1   1.8   1.3   1   0   0   1   1   1   1 
5cg0_F               -          M0Z9P2_HORVD         -              2e-65  225.6   1.8   2.9e-65  225.1   1.8   1.3   1   0   0   1   1   1   1 
1od0_A               -          M0Z9P2_HORVD         -            5.5e-64  220.8   4.5   1.7e-62  216.0   4.5   2.2   1   1   0   1   1   1   1 
1od0_B               -          M0Z9P2_HORVD         -            5.5e-64  220.8   4.5   1.7e-62  216.0   4.5   2.2   1   1   0   1   1   1   1 
1oif_A               -          M0Z9P2_HORVD         -            5.5e-64  220.8   4.5   1.7e-62  216.0   4.5   2.2   1   1   0   1   1   1   1 
1oif_B               -          M0Z9P2_HORVD         -            5.5e-64  220.8   4.5   1.7e-62  216.0   4.5   2.2   1   1   0   1   1   1   1 
1oim_A               -          M0Z9P2_HORVD         -            5.5e-64  220.8   4.5   1.7e-62  216.0   4.5   2.2   1   1   0   1   1   1   1 
1oim_B               -          M0Z9P2_HORVD         -            5.5e-64  220.8   4.5   1.7e-62  216.0   4.5   2.2   1   1   0   1   1   1   1 
1oin_A               -          M0Z9P2_HORVD         -            5.5e-64  220.8   4.5   1.7e-62  216.0   4.5   2.2   1   1   0   1   1   1   1 
1oin_B               -          M0Z9P2_HORVD         -            5.5e-64  220.8   4.5   1.7e-62  216.0   4.5   2.2   1   1   0   1   1   1   1 
1uz1_A               -          M0Z9P2_HORVD         -            5.5e-64  220.8   4.5   1.7e-62  216.0   4.5   2.2   1   1   0   1   1   1   1 
1uz1_B               -          M0Z9P2_HORVD         -            5.5e-64  220.8   4.5   1.7e-62  216.0   4.5   2.2   1   1   0   1   1   1   1 
1w3j_A               -          M0Z9P2_HORVD         -            5.5e-64  220.8   4.5   1.7e-62  216.0   4.5   2.2   1   1   0   1   1   1   1 
1w3j_B               -          M0Z9P2_HORVD         -            5.5e-64  220.8   4.5   1.7e-62  216.0   4.5   2.2   1   1   0   1   1   1   1 
2cbu_A               -          M0Z9P2_HORVD         -            5.5e-64  220.8   4.5   1.7e-62  216.0   4.5   2.2   1   1   0   1   1   1   1 
2cbu_B               -          M0Z9P2_HORVD         -            5.5e-64  220.8   4.5   1.7e-62  216.0   4.5   2.2   1   1   0   1   1   1   1 
2cbv_A               -          M0Z9P2_HORVD         -            5.5e-64  220.8   4.5   1.7e-62  216.0   4.5   2.2   1   1   0   1   1   1   1 
2cbv_B               -          M0Z9P2_HORVD         -            5.5e-64  220.8   4.5   1.7e-62  216.0   4.5   2.2   1   1   0   1   1   1   1 
2ces_A               -          M0Z9P2_HORVD         -            5.5e-64  220.8   4.5   1.7e-62  216.0   4.5   2.2   1   1   0   1   1   1   1 
2ces_B               -          M0Z9P2_HORVD         -            5.5e-64  220.8   4.5   1.7e-62  216.0   4.5   2.2   1   1   0   1   1   1   1 
2cet_A               -          M0Z9P2_HORVD         -            5.5e-64  220.8   4.5   1.7e-62  216.0   4.5   2.2   1   1   0   1   1   1   1 
2cet_B               -          M0Z9P2_HORVD         -            5.5e-64  220.8   4.5   1.7e-62  216.0   4.5   2.2   1   1   0   1   1   1   1 
2j75_A               -          M0Z9P2_HORVD         -            5.5e-64  220.8   4.5   1.7e-62  216.0   4.5   2.2   1   1   0   1   1   1   1 
2j75_B               -          M0Z9P2_HORVD         -            5.5e-64  220.8   4.5   1.7e-62  216.0   4.5   2.2   1   1   0   1   1   1   1 
2j77_A               -          M0Z9P2_HORVD         -            5.5e-64  220.8   4.5   1.7e-62  216.0   4.5   2.2   1   1   0   1   1   1   1 
2j77_B               -          M0Z9P2_HORVD         -            5.5e-64  220.8   4.5   1.7e-62  216.0   4.5   2.2   1   1   0   1   1   1   1 
2j78_A               -          M0Z9P2_HORVD         -            5.5e-64  220.8   4.5   1.7e-62  216.0   4.5   2.2   1   1   0   1   1   1   1 
2j78_B               -          M0Z9P2_HORVD         -            5.5e-64  220.8   4.5   1.7e-62  216.0   4.5   2.2   1   1   0   1   1   1   1 
2j79_A               -          M0Z9P2_HORVD         -            5.5e-64  220.8   4.5   1.7e-62  216.0   4.5   2.2   1   1   0   1   1   1   1 
2j79_B               -          M0Z9P2_HORVD         -            5.5e-64  220.8   4.5   1.7e-62  216.0   4.5   2.2   1   1   0   1   1   1   1 
2j7b_A               -          M0Z9P2_HORVD         -            5.5e-64  220.8   4.5   1.7e-62  216.0   4.5   2.2   1   1   0   1   1   1   1 
2j7b_B               -          M0Z9P2_HORVD         -            5.5e-64  220.8   4.5   1.7e-62  216.0   4.5   2.2   1   1   0   1   1   1   1 
2j7c_A               -          M0Z9P2_HORVD         -            5.5e-64  220.8   4.5   1.7e-62  216.0   4.5   2.2   1   1   0   1   1   1   1 
2j7c_B               -          M0Z9P2_HORVD         -            5.5e-64  220.8   4.5   1.7e-62  216.0   4.5   2.2   1   1   0   1   1   1   1 
2j7d_A               -          M0Z9P2_HORVD         -            5.5e-64  220.8   4.5   1.7e-62  216.0   4.5   2.2   1   1   0   1   1   1   1 
2j7d_B               -          M0Z9P2_HORVD         -            5.5e-64  220.8   4.5   1.7e-62  216.0   4.5   2.2   1   1   0   1   1   1   1 
2j7e_A               -          M0Z9P2_HORVD         -            5.5e-64  220.8   4.5   1.7e-62  216.0   4.5   2.2   1   1   0   1   1   1   1 
2j7e_B               -          M0Z9P2_HORVD         -            5.5e-64  220.8   4.5   1.7e-62  216.0   4.5   2.2   1   1   0   1   1   1   1 
2j7f_A               -          M0Z9P2_HORVD         -            5.5e-64  220.8   4.5   1.7e-62  216.0   4.5   2.2   1   1   0   1   1   1   1 
2j7f_B               -          M0Z9P2_HORVD         -            5.5e-64  220.8   4.5   1.7e-62  216.0   4.5   2.2   1   1   0   1   1   1   1 
2j7g_A               -          M0Z9P2_HORVD         -            5.5e-64  220.8   4.5   1.7e-62  216.0   4.5   2.2   1   1   0   1   1   1   1 
2j7g_B               -          M0Z9P2_HORVD         -            5.5e-64  220.8   4.5   1.7e-62  216.0   4.5   2.2   1   1   0   1   1   1   1 
2j7h_A               -          M0Z9P2_HORVD         -            5.5e-64  220.8   4.5   1.7e-62  216.0   4.5   2.2   1   1   0   1   1   1   1 
2j7h_B               -          M0Z9P2_HORVD         -            5.5e-64  220.8   4.5   1.7e-62  216.0   4.5   2.2   1   1   0   1   1   1   1 
2jal_A               -          M0Z9P2_HORVD         -            5.5e-64  220.8   4.5   1.7e-62  216.0   4.5   2.2   1   1   0   1   1   1   1 
2jal_B               -          M0Z9P2_HORVD         -            5.5e-64  220.8   4.5   1.7e-62  216.0   4.5   2.2   1   1   0   1   1   1   1 
2vrj_A               -          M0Z9P2_HORVD         -            5.5e-64  220.8   4.5   1.7e-62  216.0   4.5   2.2   1   1   0   1   1   1   1 
2vrj_B               -          M0Z9P2_HORVD         -            5.5e-64  220.8   4.5   1.7e-62  216.0   4.5   2.2   1   1   0   1   1   1   1 
2wbg_A               -          M0Z9P2_HORVD         -            5.5e-64  220.8   4.5   1.7e-62  216.0   4.5   2.2   1   1   0   1   1   1   1 
2wbg_B               -          M0Z9P2_HORVD         -            5.5e-64  220.8   4.5   1.7e-62  216.0   4.5   2.2   1   1   0   1   1   1   1 
2wbg_C               -          M0Z9P2_HORVD         -            5.5e-64  220.8   4.5   1.7e-62  216.0   4.5   2.2   1   1   0   1   1   1   1 
2wbg_D               -          M0Z9P2_HORVD         -            5.5e-64  220.8   4.5   1.7e-62  216.0   4.5   2.2   1   1   0   1   1   1   1 
2wc3_A               -          M0Z9P2_HORVD         -            5.5e-64  220.8   4.5   1.7e-62  216.0   4.5   2.2   1   1   0   1   1   1   1 
2wc3_B               -          M0Z9P2_HORVD         -            5.5e-64  220.8   4.5   1.7e-62  216.0   4.5   2.2   1   1   0   1   1   1   1 
2wc3_C               -          M0Z9P2_HORVD         -            5.5e-64  220.8   4.5   1.7e-62  216.0   4.5   2.2   1   1   0   1   1   1   1 
2wc3_D               -          M0Z9P2_HORVD         -            5.5e-64  220.8   4.5   1.7e-62  216.0   4.5   2.2   1   1   0   1   1   1   1 
2wc4_A               -          M0Z9P2_HORVD         -            5.5e-64  220.8   4.5   1.7e-62  216.0   4.5   2.2   1   1   0   1   1   1   1 
2wc4_B               -          M0Z9P2_HORVD         -            5.5e-64  220.8   4.5   1.7e-62  216.0   4.5   2.2   1   1   0   1   1   1   1 
2wc4_C               -          M0Z9P2_HORVD         -            5.5e-64  220.8   4.5   1.7e-62  216.0   4.5   2.2   1   1   0   1   1   1   1 
2wc4_D               -          M0Z9P2_HORVD         -            5.5e-64  220.8   4.5   1.7e-62  216.0   4.5   2.2   1   1   0   1   1   1   1 
5n6s_A               -          M0Z9P2_HORVD         -            5.5e-64  220.8   4.5   1.7e-62  216.0   4.5   2.2   1   1   0   1   1   1   1 
5n6s_B               -          M0Z9P2_HORVD         -            5.5e-64  220.8   4.5   1.7e-62  216.0   4.5   2.2   1   1   0   1   1   1   1 
5n6s_C               -          M0Z9P2_HORVD         -            5.5e-64  220.8   4.5   1.7e-62  216.0   4.5   2.2   1   1   0   1   1   1   1 
5n6s_D               -          M0Z9P2_HORVD         -            5.5e-64  220.8   4.5   1.7e-62  216.0   4.5   2.2   1   1   0   1   1   1   1 
5n6t_A               -          M0Z9P2_HORVD         -            5.5e-64  220.8   4.5   1.7e-62  216.0   4.5   2.2   1   1   0   1   1   1   1 
5n6t_B               -          M0Z9P2_HORVD         -            5.5e-64  220.8   4.5   1.7e-62  216.0   4.5   2.2   1   1   0   1   1   1   1 
5gny_A               -          M0Z9P2_HORVD         -            1.3e-63  219.6   1.4   5.6e-63  217.5   1.4   1.8   1   1   0   1   1   1   1 
5gny_B               -          M0Z9P2_HORVD         -            1.3e-63  219.6   1.4   5.6e-63  217.5   1.4   1.8   1   1   0   1   1   1   1 
5gny_C               -          M0Z9P2_HORVD         -            1.3e-63  219.6   1.4   5.6e-63  217.5   1.4   1.8   1   1   0   1   1   1   1 
5gny_D               -          M0Z9P2_HORVD         -            1.3e-63  219.6   1.4   5.6e-63  217.5   1.4   1.8   1   1   0   1   1   1   1 
5gnz_A               -          M0Z9P2_HORVD         -            3.3e-63  218.3   1.6   1.4e-62  216.2   1.6   1.8   1   1   0   1   1   1   1 
5gnz_B               -          M0Z9P2_HORVD         -            3.3e-63  218.3   1.6   1.4e-62  216.2   1.6   1.8   1   1   0   1   1   1   1 
5gnz_C               -          M0Z9P2_HORVD         -            3.3e-63  218.3   1.6   1.4e-62  216.2   1.6   1.8   1   1   0   1   1   1   1 
5gnz_D               -          M0Z9P2_HORVD         -            3.3e-63  218.3   1.6   1.4e-62  216.2   1.6   1.8   1   1   0   1   1   1   1 
5gnz_H               -          M0Z9P2_HORVD         -            3.3e-63  218.3   1.6   1.4e-62  216.2   1.6   1.8   1   1   0   1   1   1   1 
5gnz_I               -          M0Z9P2_HORVD         -            3.3e-63  218.3   1.6   1.4e-62  216.2   1.6   1.8   1   1   0   1   1   1   1 
5gnz_J               -          M0Z9P2_HORVD         -            3.3e-63  218.3   1.6   1.4e-62  216.2   1.6   1.8   1   1   0   1   1   1   1 
5gnz_K               -          M0Z9P2_HORVD         -            3.3e-63  218.3   1.6   1.4e-62  216.2   1.6   1.8   1   1   0   1   1   1   1 
5gnx_A               -          M0Z9P2_HORVD         -            3.4e-63  218.3   1.3   1.4e-62  216.2   1.3   1.8   1   1   0   1   1   1   1 
5gnx_B               -          M0Z9P2_HORVD         -            3.4e-63  218.3   1.3   1.4e-62  216.2   1.3   1.8   1   1   0   1   1   1   1 
5ayi_A               -          M0Z9P2_HORVD         -              1e-62  216.7   1.2   1.7e-61  212.7   1.2   2.2   1   1   0   1   1   1   1 
3wh5_A               -          M0Z9P2_HORVD         -            1.9e-62  215.7   1.2   3.2e-61  211.7   1.2   2.2   1   1   0   1   1   1   1 
3wh6_A               -          M0Z9P2_HORVD         -            1.9e-62  215.7   1.2   3.2e-61  211.7   1.2   2.2   1   1   0   1   1   1   1 
3wh7_A               -          M0Z9P2_HORVD         -            1.9e-62  215.7   1.2   3.2e-61  211.7   1.2   2.2   1   1   0   1   1   1   1 
3wh8_A               -          M0Z9P2_HORVD         -            1.9e-62  215.7   1.2   3.2e-61  211.7   1.2   2.2   1   1   0   1   1   1   1 
5ayb_A               -          M0Z9P2_HORVD         -            2.9e-62  215.2   1.3   4.8e-61  211.2   1.3   2.2   1   1   0   1   1   1   1 
1uyq_A               -          M0Z9P2_HORVD         -            1.8e-61  212.6   1.9     6e-61  210.8   1.9   1.8   1   1   0   1   1   1   1 
1e4i_A               -          M0Z9P2_HORVD         -            6.2e-61  210.8   2.2   2.1e-60  209.0   2.2   1.8   1   1   0   1   1   1   1 
1tr1_A               -          M0Z9P2_HORVD         -            6.4e-61  210.8   2.2   2.2e-60  209.0   2.2   1.8   1   1   0   1   1   1   1 
1tr1_B               -          M0Z9P2_HORVD         -            6.4e-61  210.8   2.2   2.2e-60  209.0   2.2   1.8   1   1   0   1   1   1   1 
1tr1_C               -          M0Z9P2_HORVD         -            6.4e-61  210.8   2.2   2.2e-60  209.0   2.2   1.8   1   1   0   1   1   1   1 
1tr1_D               -          M0Z9P2_HORVD         -            6.4e-61  210.8   2.2   2.2e-60  209.0   2.2   1.8   1   1   0   1   1   1   1 
1bgg_A               -          M0Z9P2_HORVD         -            6.4e-61  210.7   2.2   2.2e-60  209.0   2.2   1.8   1   1   0   1   1   1   1 
1bgg_B               -          M0Z9P2_HORVD         -            6.4e-61  210.7   2.2   2.2e-60  209.0   2.2   1.8   1   1   0   1   1   1   1 
1bgg_C               -          M0Z9P2_HORVD         -            6.4e-61  210.7   2.2   2.2e-60  209.0   2.2   1.8   1   1   0   1   1   1   1 
1bgg_D               -          M0Z9P2_HORVD         -            6.4e-61  210.7   2.2   2.2e-60  209.0   2.2   1.8   1   1   0   1   1   1   1 
1bga_A               -          M0Z9P2_HORVD         -            6.5e-61  210.7   2.3   2.2e-60  209.0   2.3   1.8   1   1   0   1   1   1   1 
1bga_B               -          M0Z9P2_HORVD         -            6.5e-61  210.7   2.3   2.2e-60  209.0   2.3   1.8   1   1   0   1   1   1   1 
1bga_C               -          M0Z9P2_HORVD         -            6.5e-61  210.7   2.3   2.2e-60  209.0   2.3   1.8   1   1   0   1   1   1   1 
1bga_D               -          M0Z9P2_HORVD         -            6.5e-61  210.7   2.3   2.2e-60  209.0   2.3   1.8   1   1   0   1   1   1   1 
4ptv_A               -          M0Z9P2_HORVD         -            8.7e-61  210.3   5.9   8.3e-60  207.1   5.9   2.1   1   1   0   1   1   1   1 
4ptv_B               -          M0Z9P2_HORVD         -            8.7e-61  210.3   5.9   8.3e-60  207.1   5.9   2.1   1   1   0   1   1   1   1 
4ptw_A               -          M0Z9P2_HORVD         -            8.7e-61  210.3   5.9   8.3e-60  207.1   5.9   2.1   1   1   0   1   1   1   1 
4ptw_B               -          M0Z9P2_HORVD         -            8.7e-61  210.3   5.9   8.3e-60  207.1   5.9   2.1   1   1   0   1   1   1   1 
4ptx_A               -          M0Z9P2_HORVD         -            8.7e-61  210.3   5.9   8.3e-60  207.1   5.9   2.1   1   1   0   1   1   1   1 
4ptx_B               -          M0Z9P2_HORVD         -            8.7e-61  210.3   5.9   8.3e-60  207.1   5.9   2.1   1   1   0   1   1   1   1 
3ta9_A               -          M0Z9P2_HORVD         -            9.3e-61  210.2   5.9   8.7e-60  207.0   5.9   2.1   1   1   0   1   1   1   1 
3ta9_B               -          M0Z9P2_HORVD         -            9.3e-61  210.2   5.9   8.7e-60  207.0   5.9   2.1   1   1   0   1   1   1   1 
4hz6_A               -          M0Z9P2_HORVD         -            1.4e-59  206.4   1.1     7e-58  200.7   1.1   2.2   1   1   0   1   1   1   1 
4hz7_A               -          M0Z9P2_HORVD         -            1.4e-59  206.4   1.1     7e-58  200.7   1.1   2.2   1   1   0   1   1   1   1 
4hz8_A               -          M0Z9P2_HORVD         -            1.4e-59  206.4   1.1     7e-58  200.7   1.1   2.2   1   1   0   1   1   1   1 
3cmj_A               -          M0Z9P2_HORVD         -            1.7e-59  206.1   1.1   8.2e-58  200.5   1.1   2.2   1   1   0   1   1   1   1 
5idi_A               -          M0Z9P2_HORVD         -            3.6e-59  205.0   5.1   3.5e-58  201.7   5.1   2.1   1   1   0   1   1   1   1 
5idi_B               -          M0Z9P2_HORVD         -            3.6e-59  205.0   5.1   3.5e-58  201.7   5.1   2.1   1   1   0   1   1   1   1 
3w53_A               -          M0Z9P2_HORVD         -            1.4e-58  203.1   0.2   3.3e-58  201.8   0.2   1.5   1   1   0   1   1   1   1 
4ze4_A               -          M0Z9P2_HORVD         -            4.8e-57  198.0   6.0   9.6e-57  197.0   6.0   1.5   1   1   0   1   1   1   1 
4ze4_B               -          M0Z9P2_HORVD         -            4.8e-57  198.0   6.0   9.6e-57  197.0   6.0   1.5   1   1   0   1   1   1   1 
4zeh_A               -          M0Z9P2_HORVD         -            4.8e-57  198.0   6.0   9.6e-57  197.0   6.0   1.5   1   1   0   1   1   1   1 
4zeh_B               -          M0Z9P2_HORVD         -            4.8e-57  198.0   6.0   9.6e-57  197.0   6.0   1.5   1   1   0   1   1   1   1 
4zeh_C               -          M0Z9P2_HORVD         -            4.8e-57  198.0   6.0   9.6e-57  197.0   6.0   1.5   1   1   0   1   1   1   1 
4zeh_D               -          M0Z9P2_HORVD         -            4.8e-57  198.0   6.0   9.6e-57  197.0   6.0   1.5   1   1   0   1   1   1   1 
4zen_A               -          M0Z9P2_HORVD         -            4.8e-57  198.0   6.0   9.6e-57  197.0   6.0   1.5   1   1   0   1   1   1   1 
4zen_B               -          M0Z9P2_HORVD         -            4.8e-57  198.0   6.0   9.6e-57  197.0   6.0   1.5   1   1   0   1   1   1   1 
4zep_A               -          M0Z9P2_HORVD         -            4.8e-57  198.0   6.0   9.6e-57  197.0   6.0   1.5   1   1   0   1   1   1   1 
4zep_B               -          M0Z9P2_HORVD         -            4.8e-57  198.0   6.0   9.6e-57  197.0   6.0   1.5   1   1   0   1   1   1   1 
4ze5_A               -          M0Z9P2_HORVD         -            1.2e-56  196.7   5.9   2.4e-56  195.7   5.9   1.5   1   1   0   1   1   1   1 
4ze5_B               -          M0Z9P2_HORVD         -            1.2e-56  196.7   5.9   2.4e-56  195.7   5.9   1.5   1   1   0   1   1   1   1 
4ze5_C               -          M0Z9P2_HORVD         -            1.2e-56  196.7   5.9   2.4e-56  195.7   5.9   1.5   1   1   0   1   1   1   1 
4ze5_D               -          M0Z9P2_HORVD         -            1.2e-56  196.7   5.9   2.4e-56  195.7   5.9   1.5   1   1   0   1   1   1   1 
4zfm_A               -          M0Z9P2_HORVD         -            1.2e-56  196.7   5.9   2.4e-56  195.7   5.9   1.5   1   1   0   1   1   1   1 
4zfm_B               -          M0Z9P2_HORVD         -            1.2e-56  196.7   5.9   2.4e-56  195.7   5.9   1.5   1   1   0   1   1   1   1 
4zfm_C               -          M0Z9P2_HORVD         -            1.2e-56  196.7   5.9   2.4e-56  195.7   5.9   1.5   1   1   0   1   1   1   1 
4zfm_D               -          M0Z9P2_HORVD         -            1.2e-56  196.7   5.9   2.4e-56  195.7   5.9   1.5   1   1   0   1   1   1   1 
1gnx_A               -          M0Z9P2_HORVD         -            1.3e-56  196.5   0.8   2.1e-56  195.9   0.8   1.3   1   0   0   1   1   1   1 
1gnx_B               -          M0Z9P2_HORVD         -            1.3e-56  196.5   0.8   2.1e-56  195.9   0.8   1.3   1   0   0   1   1   1   1 
1gon_A               -          M0Z9P2_HORVD         -            1.3e-56  196.5   0.8   2.1e-56  195.9   0.8   1.3   1   0   0   1   1   1   1 
1gon_B               -          M0Z9P2_HORVD         -            1.3e-56  196.5   0.8   2.1e-56  195.9   0.8   1.3   1   0   0   1   1   1   1 
1pbg_A               -          M0Z9P2_HORVD         -              1e-55  193.6   6.1   1.5e-55  193.0   6.1   1.2   1   0   0   1   1   1   1 
1pbg_B               -          M0Z9P2_HORVD         -              1e-55  193.6   6.1   1.5e-55  193.0   6.1   1.2   1   0   0   1   1   1   1 
3pbg_A               -          M0Z9P2_HORVD         -              1e-55  193.6   6.1   1.5e-55  193.0   6.1   1.2   1   0   0   1   1   1   1 
3pbg_B               -          M0Z9P2_HORVD         -              1e-55  193.6   6.1   1.5e-55  193.0   6.1   1.2   1   0   0   1   1   1   1 
2pbg_A               -          M0Z9P2_HORVD         -            1.1e-55  193.4   5.6   1.8e-55  192.8   5.6   1.2   1   0   0   1   1   1   1 
4pbg_A               -          M0Z9P2_HORVD         -            1.4e-54  189.9   5.7   2.1e-54  189.3   5.7   1.2   1   0   0   1   1   1   1 
4pbg_B               -          M0Z9P2_HORVD         -            1.4e-54  189.9   5.7   2.1e-54  189.3   5.7   1.2   1   0   0   1   1   1   1 
2jie_A               -          M0Z9P2_HORVD         -            3.3e-52  182.0   1.7     6e-51  177.9   1.7   2.2   1   1   0   1   1   1   1 
2o9r_A               -          M0Z9P2_HORVD         -              4e-52  181.8   1.6   7.4e-51  177.6   1.6   2.2   1   1   0   1   1   1   1 
2o9p_A               -          M0Z9P2_HORVD         -            4.1e-52  181.7   1.6   7.6e-51  177.6   1.6   2.2   1   1   0   1   1   1   1 
2o9t_A               -          M0Z9P2_HORVD         -            4.1e-52  181.7   1.6   7.6e-51  177.6   1.6   2.2   1   1   0   1   1   1   1 
2z1s_A               -          M0Z9P2_HORVD         -            4.1e-52  181.7   1.6   7.6e-51  177.6   1.6   2.2   1   1   0   1   1   1   1 
1np2_A               -          M0Z9P2_HORVD         -            1.7e-46  163.2   3.5   6.5e-45  158.0   3.5   2.4   1   1   0   1   1   1   1 
1np2_B               -          M0Z9P2_HORVD         -            1.7e-46  163.2   3.5   6.5e-45  158.0   3.5   2.4   1   1   0   1   1   1   1 
1ug6_A               -          M0Z9P2_HORVD         -            2.1e-46  162.9   2.5   4.4e-45  158.6   2.5   2.3   1   1   0   1   1   1   1 
4bce_A               -          M0Z9P2_HORVD         -            5.8e-46  161.5   2.1   1.3e-44  157.1   2.1   2.3   1   1   0   1   1   1   1 
4bce_B               -          M0Z9P2_HORVD         -            5.8e-46  161.5   2.1   1.3e-44  157.1   2.1   2.3   1   1   0   1   1   1   1 
4bce_C               -          M0Z9P2_HORVD         -            5.8e-46  161.5   2.1   1.3e-44  157.1   2.1   2.3   1   1   0   1   1   1   1 
3zjk_A               -          M0Z9P2_HORVD         -            9.2e-46  160.8   1.8   1.9e-44  156.4   1.8   2.3   1   1   0   1   1   1   1 
3zjk_B               -          M0Z9P2_HORVD         -            9.2e-46  160.8   1.8   1.9e-44  156.4   1.8   2.3   1   1   0   1   1   1   1 
3zjk_C               -          M0Z9P2_HORVD         -            9.2e-46  160.8   1.8   1.9e-44  156.4   1.8   2.3   1   1   0   1   1   1   1 
5foo_A               -          M0Z9P2_HORVD         -            3.8e-44  155.5   3.3   8.8e-44  154.3   3.3   1.5   1   1   0   1   1   1   1 
5foo_B               -          M0Z9P2_HORVD         -            3.8e-44  155.5   3.3   8.8e-44  154.3   3.3   1.5   1   1   0   1   1   1   1 
5foo_C               -          M0Z9P2_HORVD         -            3.8e-44  155.5   3.3   8.8e-44  154.3   3.3   1.5   1   1   0   1   1   1   1 
5foo_D               -          M0Z9P2_HORVD         -            3.8e-44  155.5   3.3   8.8e-44  154.3   3.3   1.5   1   1   0   1   1   1   1 
5foo_E               -          M0Z9P2_HORVD         -            3.8e-44  155.5   3.3   8.8e-44  154.3   3.3   1.5   1   1   0   1   1   1   1 
5foo_F               -          M0Z9P2_HORVD         -            3.8e-44  155.5   3.3   8.8e-44  154.3   3.3   1.5   1   1   0   1   1   1   1 
4b3k_A               -          M0Z9P2_HORVD         -            5.5e-44  155.0   3.2   1.3e-43  153.7   3.2   1.5   1   1   0   1   1   1   1 
4b3k_B               -          M0Z9P2_HORVD         -            5.5e-44  155.0   3.2   1.3e-43  153.7   3.2   1.5   1   1   0   1   1   1   1 
4b3k_C               -          M0Z9P2_HORVD         -            5.5e-44  155.0   3.2   1.3e-43  153.7   3.2   1.5   1   1   0   1   1   1   1 
4b3k_D               -          M0Z9P2_HORVD         -            5.5e-44  155.0   3.2   1.3e-43  153.7   3.2   1.5   1   1   0   1   1   1   1 
4b3k_E               -          M0Z9P2_HORVD         -            5.5e-44  155.0   3.2   1.3e-43  153.7   3.2   1.5   1   1   0   1   1   1   1 
4b3k_F               -          M0Z9P2_HORVD         -            5.5e-44  155.0   3.2   1.3e-43  153.7   3.2   1.5   1   1   0   1   1   1   1 
4b3l_A               -          M0Z9P2_HORVD         -            5.5e-44  155.0   3.2   1.3e-43  153.7   3.2   1.5   1   1   0   1   1   1   1 
4b3l_B               -          M0Z9P2_HORVD         -            5.5e-44  155.0   3.2   1.3e-43  153.7   3.2   1.5   1   1   0   1   1   1   1 
4b3l_C               -          M0Z9P2_HORVD         -            5.5e-44  155.0   3.2   1.3e-43  153.7   3.2   1.5   1   1   0   1   1   1   1 
4b3l_D               -          M0Z9P2_HORVD         -            5.5e-44  155.0   3.2   1.3e-43  153.7   3.2   1.5   1   1   0   1   1   1   1 
4b3l_E               -          M0Z9P2_HORVD         -            5.5e-44  155.0   3.2   1.3e-43  153.7   3.2   1.5   1   1   0   1   1   1   1 
4b3l_F               -          M0Z9P2_HORVD         -            5.5e-44  155.0   3.2   1.3e-43  153.7   3.2   1.5   1   1   0   1   1   1   1 
5dt5_A               -          M0Z9P2_HORVD         -            1.2e-43  153.8   4.8   4.1e-43  152.1   4.8   1.8   1   1   0   1   1   1   1 
5dt5_B               -          M0Z9P2_HORVD         -            1.2e-43  153.8   4.8   4.1e-43  152.1   4.8   1.8   1   1   0   1   1   1   1 
5dt5_C               -          M0Z9P2_HORVD         -            1.2e-43  153.8   4.8   4.1e-43  152.1   4.8   1.8   1   1   0   1   1   1   1 
5dt5_D               -          M0Z9P2_HORVD         -            1.2e-43  153.8   4.8   4.1e-43  152.1   4.8   1.8   1   1   0   1   1   1   1 
5dt5_E               -          M0Z9P2_HORVD         -            1.2e-43  153.8   4.8   4.1e-43  152.1   4.8   1.8   1   1   0   1   1   1   1 
5dt5_F               -          M0Z9P2_HORVD         -            1.2e-43  153.8   4.8   4.1e-43  152.1   4.8   1.8   1   1   0   1   1   1   1 
5dt5_G               -          M0Z9P2_HORVD         -            1.2e-43  153.8   4.8   4.1e-43  152.1   4.8   1.8   1   1   0   1   1   1   1 
5dt5_H               -          M0Z9P2_HORVD         -            1.2e-43  153.8   4.8   4.1e-43  152.1   4.8   1.8   1   1   0   1   1   1   1 
5dt7_A               -          M0Z9P2_HORVD         -            1.2e-43  153.8   4.8   4.1e-43  152.1   4.8   1.8   1   1   0   1   1   1   1 
5dt7_B               -          M0Z9P2_HORVD         -            1.2e-43  153.8   4.8   4.1e-43  152.1   4.8   1.8   1   1   0   1   1   1   1 
5dt7_C               -          M0Z9P2_HORVD         -            1.2e-43  153.8   4.8   4.1e-43  152.1   4.8   1.8   1   1   0   1   1   1   1 
5dt7_D               -          M0Z9P2_HORVD         -            1.2e-43  153.8   4.8   4.1e-43  152.1   4.8   1.8   1   1   0   1   1   1   1 
1vff_A               -          M0Z9P2_HORVD         -            8.2e-40  141.2   5.9   6.9e-20   75.6   0.6   2.5   2   1   0   2   2   2   2 
3pn8_A               -          M0Z9P2_HORVD         -              2e-38  136.6   4.1   3.3e-38  135.9   4.1   1.4   1   1   0   1   1   1   1 
3pn8_B               -          M0Z9P2_HORVD         -              2e-38  136.6   4.1   3.3e-38  135.9   4.1   1.4   1   1   0   1   1   1   1 
4f66_A               -          M0Z9P2_HORVD         -              2e-38  136.6   4.1   3.3e-38  135.9   4.1   1.4   1   1   0   1   1   1   1 
4f66_B               -          M0Z9P2_HORVD         -              2e-38  136.6   4.1   3.3e-38  135.9   4.1   1.4   1   1   0   1   1   1   1 
4f79_A               -          M0Z9P2_HORVD         -            5.1e-38  135.3   4.1   8.7e-38  134.5   4.1   1.4   1   1   0   1   1   1   1 
4gpn_A               -          M0Z9P2_HORVD         -            5.1e-38  135.3   4.1   8.7e-38  134.5   4.1   1.4   1   1   0   1   1   1   1 
4gpn_B               -          M0Z9P2_HORVD         -            5.1e-38  135.3   4.1   8.7e-38  134.5   4.1   1.4   1   1   0   1   1   1   1 
3qom_A               -          M0Z9P2_HORVD         -            7.9e-37  131.4   2.7   2.1e-36  130.0   2.7   1.6   1   1   0   1   1   1   1 
4gze_A               -          M0Z9P2_HORVD         -            7.9e-37  131.4   2.7   2.1e-36  130.0   2.7   1.6   1   1   0   1   1   1   1 
4gze_B               -          M0Z9P2_HORVD         -            7.9e-37  131.4   2.7   2.1e-36  130.0   2.7   1.6   1   1   0   1   1   1   1 
4gze_C               -          M0Z9P2_HORVD         -            7.9e-37  131.4   2.7   2.1e-36  130.0   2.7   1.6   1   1   0   1   1   1   1 
4gze_D               -          M0Z9P2_HORVD         -            7.9e-37  131.4   2.7   2.1e-36  130.0   2.7   1.6   1   1   0   1   1   1   1 
4gze_E               -          M0Z9P2_HORVD         -            7.9e-37  131.4   2.7   2.1e-36  130.0   2.7   1.6   1   1   0   1   1   1   1 
4gze_F               -          M0Z9P2_HORVD         -            7.9e-37  131.4   2.7   2.1e-36  130.0   2.7   1.6   1   1   0   1   1   1   1 
4ipl_A               -          M0Z9P2_HORVD         -            8.4e-34  121.4   2.4   2.5e-32  116.6   2.4   2.7   1   1   0   1   1   1   1 
4ipl_B               -          M0Z9P2_HORVD         -            8.4e-34  121.4   2.4   2.5e-32  116.6   2.4   2.7   1   1   0   1   1   1   1 
4ipn_B               -          M0Z9P2_HORVD         -            8.4e-34  121.4   2.4   2.5e-32  116.6   2.4   2.7   1   1   0   1   1   1   1 
4ipn_E               -          M0Z9P2_HORVD         -            8.4e-34  121.4   2.4   2.5e-32  116.6   2.4   2.7   1   1   0   1   1   1   1 
2xhy_A               -          M0Z9P2_HORVD         -              8e-33  118.2   3.2   4.1e-32  115.8   3.2   2.0   1   1   0   1   1   1   1 
2xhy_B               -          M0Z9P2_HORVD         -              8e-33  118.2   3.2   4.1e-32  115.8   3.2   2.0   1   1   0   1   1   1   1 
2xhy_C               -          M0Z9P2_HORVD         -              8e-33  118.2   3.2   4.1e-32  115.8   3.2   2.0   1   1   0   1   1   1   1 
2xhy_D               -          M0Z9P2_HORVD         -              8e-33  118.2   3.2   4.1e-32  115.8   3.2   2.0   1   1   0   1   1   1   1 
3wdp_P               -          M0Z9P2_HORVD         -              1e-21   81.6   6.9     1e-17   68.4   2.1   4.0   2   1   1   4   4   4   1 
3wdp_Q               -          M0Z9P2_HORVD         -              1e-21   81.6   6.9     1e-17   68.4   2.1   4.0   2   1   1   4   4   4   1 
3wdp_R               -          M0Z9P2_HORVD         -              1e-21   81.6   6.9     1e-17   68.4   2.1   4.0   2   1   1   4   4   4   1 
3wdp_S               -          M0Z9P2_HORVD         -              1e-21   81.6   6.9     1e-17   68.4   2.1   4.0   2   1   1   4   4   4   1 
3apg_A               -          M0Z9P2_HORVD         -            1.2e-21   81.3   6.8   1.2e-17   68.2   2.3   4.0   2   1   2   4   4   4   1 
3apg_B               -          M0Z9P2_HORVD         -            1.2e-21   81.3   6.8   1.2e-17   68.2   2.3   4.0   2   1   2   4   4   4   1 
3apg_C               -          M0Z9P2_HORVD         -            1.2e-21   81.3   6.8   1.2e-17   68.2   2.3   4.0   2   1   2   4   4   4   1 
3apg_D               -          M0Z9P2_HORVD         -            1.2e-21   81.3   6.8   1.2e-17   68.2   2.3   4.0   2   1   2   4   4   4   1 
3wq8_A               -          M0Z9P2_HORVD         -            1.2e-21   81.3   6.7   1.6e-17   67.7   2.0   4.0   2   1   1   4   4   4   1 
3wq8_B               -          M0Z9P2_HORVD         -            1.2e-21   81.3   6.7   1.6e-17   67.7   2.0   4.0   2   1   1   4   4   4   1 
3wq8_C               -          M0Z9P2_HORVD         -            1.2e-21   81.3   6.7   1.6e-17   67.7   2.0   4.0   2   1   1   4   4   4   1 
3wq8_D               -          M0Z9P2_HORVD         -            1.2e-21   81.3   6.7   1.6e-17   67.7   2.0   4.0   2   1   1   4   4   4   1 
3wq8_E               -          M0Z9P2_HORVD         -            1.2e-21   81.3   6.7   1.6e-17   67.7   2.0   4.0   2   1   1   4   4   4   1 
3wq8_F               -          M0Z9P2_HORVD         -            1.2e-21   81.3   6.7   1.6e-17   67.7   2.0   4.0   2   1   1   4   4   4   1 
3wq8_G               -          M0Z9P2_HORVD         -            1.2e-21   81.3   6.7   1.6e-17   67.7   2.0   4.0   2   1   1   4   4   4   1 
3wq8_H               -          M0Z9P2_HORVD         -            1.2e-21   81.3   6.7   1.6e-17   67.7   2.0   4.0   2   1   1   4   4   4   1 
3wq8_I               -          M0Z9P2_HORVD         -            1.2e-21   81.3   6.7   1.6e-17   67.7   2.0   4.0   2   1   1   4   4   4   1 
3wq8_J               -          M0Z9P2_HORVD         -            1.2e-21   81.3   6.7   1.6e-17   67.7   2.0   4.0   2   1   1   4   4   4   1 
3wq8_K               -          M0Z9P2_HORVD         -            1.2e-21   81.3   6.7   1.6e-17   67.7   2.0   4.0   2   1   1   4   4   4   1 
3wq8_L               -          M0Z9P2_HORVD         -            1.2e-21   81.3   6.7   1.6e-17   67.7   2.0   4.0   2   1   1   4   4   4   1 
4r27_A               -          M0Z9P2_HORVD         -            3.8e-21   79.7   0.0   1.1e-09   41.9   0.0   2.2   2   0   0   2   2   2   2 
4r27_B               -          M0Z9P2_HORVD         -            3.8e-21   79.7   0.0   1.1e-09   41.9   0.0   2.2   2   0   0   2   2   2   2 
4ha3_A               -          M0Z9P2_HORVD         -            1.4e-19   74.6   5.9   5.6e-19   72.5   4.7   2.4   1   1   1   2   2   2   1 
4ha4_A               -          M0Z9P2_HORVD         -            1.4e-19   74.6   5.9   5.6e-19   72.5   4.7   2.4   1   1   1   2   2   2   1 
1uwq_A               -          M0Z9P2_HORVD         -            1.4e-15   61.4   9.7     2e-15   60.8   7.9   2.1   2   1   0   2   2   1   1 
1uwq_B               -          M0Z9P2_HORVD         -            1.4e-15   61.4   9.7     2e-15   60.8   7.9   2.1   2   1   0   2   2   1   1 
1uwr_A               -          M0Z9P2_HORVD         -            1.4e-15   61.4   9.7     2e-15   60.8   7.9   2.1   2   1   0   2   2   1   1 
1uwr_B               -          M0Z9P2_HORVD         -            1.4e-15   61.4   9.7     2e-15   60.8   7.9   2.1   2   1   0   2   2   1   1 
1uws_A               -          M0Z9P2_HORVD         -            1.4e-15   61.4   9.7     2e-15   60.8   7.9   2.1   2   1   0   2   2   1   1 
1uws_B               -          M0Z9P2_HORVD         -            1.4e-15   61.4   9.7     2e-15   60.8   7.9   2.1   2   1   0   2   2   1   1 
1uwt_A               -          M0Z9P2_HORVD         -            1.4e-15   61.4   9.7     2e-15   60.8   7.9   2.1   2   1   0   2   2   1   1 
1uwt_B               -          M0Z9P2_HORVD         -            1.4e-15   61.4   9.7     2e-15   60.8   7.9   2.1   2   1   0   2   2   1   1 
1uwu_A               -          M0Z9P2_HORVD         -            1.4e-15   61.4   9.7     2e-15   60.8   7.9   2.1   2   1   0   2   2   1   1 
1uwu_B               -          M0Z9P2_HORVD         -            1.4e-15   61.4   9.7     2e-15   60.8   7.9   2.1   2   1   0   2   2   1   1 
2ceq_A               -          M0Z9P2_HORVD         -            1.4e-15   61.4   9.7     2e-15   60.8   7.9   2.1   2   1   0   2   2   1   1 
2ceq_B               -          M0Z9P2_HORVD         -            1.4e-15   61.4   9.7     2e-15   60.8   7.9   2.1   2   1   0   2   2   1   1 
2cer_A               -          M0Z9P2_HORVD         -            1.4e-15   61.4   9.7     2e-15   60.8   7.9   2.1   2   1   0   2   2   1   1 
2cer_B               -          M0Z9P2_HORVD         -            1.4e-15   61.4   9.7     2e-15   60.8   7.9   2.1   2   1   0   2   2   1   1 
4eam_A               -          M0Z9P2_HORVD         -            1.4e-15   61.4   9.7     2e-15   60.8   7.9   2.1   2   1   0   2   2   1   1 
4eam_B               -          M0Z9P2_HORVD         -            1.4e-15   61.4   9.7     2e-15   60.8   7.9   2.1   2   1   0   2   2   1   1 
4ean_A               -          M0Z9P2_HORVD         -            1.4e-15   61.4   9.7     2e-15   60.8   7.9   2.1   2   1   0   2   2   1   1 
4ean_B               -          M0Z9P2_HORVD         -            1.4e-15   61.4   9.7     2e-15   60.8   7.9   2.1   2   1   0   2   2   1   1 
5ixe_A               -          M0Z9P2_HORVD         -            1.4e-15   61.4   9.7     2e-15   60.8   7.9   2.1   2   1   0   2   2   1   1 
5ixe_B               -          M0Z9P2_HORVD         -            1.4e-15   61.4   9.7     2e-15   60.8   7.9   2.1   2   1   0   2   2   1   1 
1uwi_A               -          M0Z9P2_HORVD         -            1.7e-15   61.1   8.1   4.6e-15   59.7   8.1   1.7   1   1   0   1   1   1   1 
1uwi_B               -          M0Z9P2_HORVD         -            1.7e-15   61.1   8.1   4.6e-15   59.7   8.1   1.7   1   1   0   1   1   1   1 
1uwi_C               -          M0Z9P2_HORVD         -            1.7e-15   61.1   8.1   4.6e-15   59.7   8.1   1.7   1   1   0   1   1   1   1 
1uwi_D               -          M0Z9P2_HORVD         -            1.7e-15   61.1   8.1   4.6e-15   59.7   8.1   1.7   1   1   0   1   1   1   1 
1gow_A               -          M0Z9P2_HORVD         -              2e-15   60.9   7.8   5.4e-15   59.4   7.8   1.7   1   1   0   1   1   1   1 
1gow_B               -          M0Z9P2_HORVD         -              2e-15   60.9   7.8   5.4e-15   59.4   7.8   1.7   1   1   0   1   1   1   1 
1qvb_A               -          M0Z9P2_HORVD         -            2.7e-15   60.4   2.9   1.8e-11   47.8   0.4   3.7   3   2   0   3   3   3   2 
1qvb_B               -          M0Z9P2_HORVD         -            2.7e-15   60.4   2.9   1.8e-11   47.8   0.4   3.7   3   2   0   3   3   3   2 
5i3d_A               -          M0Z9P2_HORVD         -            1.3e-14   58.1   9.9   2.2e-14   57.4   8.2   2.2   2   1   0   2   2   1   1 
5i3d_B               -          M0Z9P2_HORVD         -            1.3e-14   58.1   9.9   2.2e-14   57.4   8.2   2.2   2   1   0   2   2   1   1 
5i3d_C               -          M0Z9P2_HORVD         -            1.3e-14   58.1   9.9   2.2e-14   57.4   8.2   2.2   2   1   0   2   2   1   1 
5i3d_D               -          M0Z9P2_HORVD         -            1.3e-14   58.1   9.9   2.2e-14   57.4   8.2   2.2   2   1   0   2   2   1   1 
3nco_A               -          M0Z9P2_HORVD         -              0.025   17.7   0.0     0.039   17.0   0.0   1.2   1   0   0   1   1   1   0 
3nco_B               -          M0Z9P2_HORVD         -              0.025   17.7   0.0     0.039   17.0   0.0   1.2   1   0   0   1   1   1   0 
3rjx_A               -          M0Z9P2_HORVD         -              0.025   17.7   0.0     0.039   17.0   0.0   1.2   1   0   0   1   1   1   0 
3rjy_A               -          M0Z9P2_HORVD         -              0.025   17.7   0.0     0.039   17.0   0.0   1.2   1   0   0   1   1   1   0 
3mq2_A               -          M0Z9P2_HORVD         -                1.3   12.1   0.0       1.6   11.8   0.0   1.1   1   0   0   1   1   1   0 
3mq2_B               -          M0Z9P2_HORVD         -                1.3   12.1   0.0       1.6   11.8   0.0   1.1   1   0   0   1   1   1   0 
5a9s_B               -          M0Z9P2_HORVD         -                1.8   11.6   0.1       2.6   11.0   0.1   1.1   1   0   0   1   1   1   0 
5a9r_A               -          M0Z9P2_HORVD         -                1.8   11.6   0.1       2.6   11.0   0.1   1.1   1   0   0   1   1   1   0 
5a9s_A               -          M0Z9P2_HORVD         -                1.8   11.6   0.1       2.6   11.0   0.1   1.1   1   0   0   1   1   1   0 
5a9t_A               -          M0Z9P2_HORVD         -                1.8   11.6   0.1       2.6   11.0   0.1   1.1   1   0   0   1   1   1   0 
5fwn_A               -          M0Z9P2_HORVD         -                1.8   11.6   0.1       2.6   11.0   0.1   1.1   1   0   0   1   1   1   0 
5fwn_B               -          M0Z9P2_HORVD         -                1.8   11.6   0.1       2.6   11.0   0.1   1.1   1   0   0   1   1   1   0 
#
# Program:         phmmer
# Version:         3.1b2 (February 2015)
# Pipeline mode:   SEARCH
# Query file:      target.fasta
# Target file:     /share/work/alex/local_pdb/sequences/pdb_seqres.txt
# Option settings: phmmer -A aln.fasta --tblout table.out --noali target.fasta /share/work/alex/local_pdb/sequences/pdb_seqres.txt 
# Current dir:     /share/work/alex/bglb_family/pipeline/output_files/100
# Date:            Wed Jun 28 12:57:36 2017
# [ok]
