2xhy_A               -          A0A089M3E4_9BACL     -             5e-173  580.6   4.5  5.6e-173  580.4   4.5   1.0   1   0   0   1   1   1   1 
2xhy_B               -          A0A089M3E4_9BACL     -             5e-173  580.6   4.5  5.6e-173  580.4   4.5   1.0   1   0   0   1   1   1   1 
2xhy_C               -          A0A089M3E4_9BACL     -             5e-173  580.6   4.5  5.6e-173  580.4   4.5   1.0   1   0   0   1   1   1   1 
2xhy_D               -          A0A089M3E4_9BACL     -             5e-173  580.6   4.5  5.6e-173  580.4   4.5   1.0   1   0   0   1   1   1   1 
3pn8_A               -          A0A089M3E4_9BACL     -             3e-167  561.5   6.0  3.5e-167  561.3   6.0   1.0   1   0   0   1   1   1   1 
3pn8_B               -          A0A089M3E4_9BACL     -             3e-167  561.5   6.0  3.5e-167  561.3   6.0   1.0   1   0   0   1   1   1   1 
4f66_A               -          A0A089M3E4_9BACL     -             3e-167  561.5   6.0  3.5e-167  561.3   6.0   1.0   1   0   0   1   1   1   1 
4f66_B               -          A0A089M3E4_9BACL     -             3e-167  561.5   6.0  3.5e-167  561.3   6.0   1.0   1   0   0   1   1   1   1 
4f79_A               -          A0A089M3E4_9BACL     -           6.5e-167  560.4   5.8  7.7e-167  560.2   5.8   1.0   1   0   0   1   1   1   1 
4gpn_A               -          A0A089M3E4_9BACL     -           6.5e-167  560.4   5.8  7.7e-167  560.2   5.8   1.0   1   0   0   1   1   1   1 
4gpn_B               -          A0A089M3E4_9BACL     -           6.5e-167  560.4   5.8  7.7e-167  560.2   5.8   1.0   1   0   0   1   1   1   1 
3qom_A               -          A0A089M3E4_9BACL     -           4.3e-162  544.5   2.0    5e-162  544.3   2.0   1.0   1   0   0   1   1   1   1 
4gze_A               -          A0A089M3E4_9BACL     -           4.3e-162  544.5   2.0    5e-162  544.3   2.0   1.0   1   0   0   1   1   1   1 
4gze_B               -          A0A089M3E4_9BACL     -           4.3e-162  544.5   2.0    5e-162  544.3   2.0   1.0   1   0   0   1   1   1   1 
4gze_C               -          A0A089M3E4_9BACL     -           4.3e-162  544.5   2.0    5e-162  544.3   2.0   1.0   1   0   0   1   1   1   1 
4gze_D               -          A0A089M3E4_9BACL     -           4.3e-162  544.5   2.0    5e-162  544.3   2.0   1.0   1   0   0   1   1   1   1 
4gze_E               -          A0A089M3E4_9BACL     -           4.3e-162  544.5   2.0    5e-162  544.3   2.0   1.0   1   0   0   1   1   1   1 
4gze_F               -          A0A089M3E4_9BACL     -           4.3e-162  544.5   2.0    5e-162  544.3   2.0   1.0   1   0   0   1   1   1   1 
4ipl_A               -          A0A089M3E4_9BACL     -           3.8e-159  534.8   3.7  4.8e-159  534.4   3.7   1.1   1   0   0   1   1   1   1 
4ipl_B               -          A0A089M3E4_9BACL     -           3.8e-159  534.8   3.7  4.8e-159  534.4   3.7   1.1   1   0   0   1   1   1   1 
4ipn_B               -          A0A089M3E4_9BACL     -           3.8e-159  534.8   3.7  4.8e-159  534.4   3.7   1.1   1   0   0   1   1   1   1 
4ipn_E               -          A0A089M3E4_9BACL     -           3.8e-159  534.8   3.7  4.8e-159  534.4   3.7   1.1   1   0   0   1   1   1   1 
4ze4_A               -          A0A089M3E4_9BACL     -           1.6e-101  344.8   8.0  1.5e-100  341.5   8.0   2.3   1   1   0   1   1   1   1 
4ze4_B               -          A0A089M3E4_9BACL     -           1.6e-101  344.8   8.0  1.5e-100  341.5   8.0   2.3   1   1   0   1   1   1   1 
4zeh_A               -          A0A089M3E4_9BACL     -           1.6e-101  344.8   8.0  1.5e-100  341.5   8.0   2.3   1   1   0   1   1   1   1 
4zeh_B               -          A0A089M3E4_9BACL     -           1.6e-101  344.8   8.0  1.5e-100  341.5   8.0   2.3   1   1   0   1   1   1   1 
4zeh_C               -          A0A089M3E4_9BACL     -           1.6e-101  344.8   8.0  1.5e-100  341.5   8.0   2.3   1   1   0   1   1   1   1 
4zeh_D               -          A0A089M3E4_9BACL     -           1.6e-101  344.8   8.0  1.5e-100  341.5   8.0   2.3   1   1   0   1   1   1   1 
4zen_A               -          A0A089M3E4_9BACL     -           1.6e-101  344.8   8.0  1.5e-100  341.5   8.0   2.3   1   1   0   1   1   1   1 
4zen_B               -          A0A089M3E4_9BACL     -           1.6e-101  344.8   8.0  1.5e-100  341.5   8.0   2.3   1   1   0   1   1   1   1 
4zep_A               -          A0A089M3E4_9BACL     -           1.6e-101  344.8   8.0  1.5e-100  341.5   8.0   2.3   1   1   0   1   1   1   1 
4zep_B               -          A0A089M3E4_9BACL     -           1.6e-101  344.8   8.0  1.5e-100  341.5   8.0   2.3   1   1   0   1   1   1   1 
4ze5_A               -          A0A089M3E4_9BACL     -           2.8e-101  343.9   7.5  2.8e-100  340.6   7.5   2.3   1   1   0   1   1   1   1 
4ze5_B               -          A0A089M3E4_9BACL     -           2.8e-101  343.9   7.5  2.8e-100  340.6   7.5   2.3   1   1   0   1   1   1   1 
4ze5_C               -          A0A089M3E4_9BACL     -           2.8e-101  343.9   7.5  2.8e-100  340.6   7.5   2.3   1   1   0   1   1   1   1 
4ze5_D               -          A0A089M3E4_9BACL     -           2.8e-101  343.9   7.5  2.8e-100  340.6   7.5   2.3   1   1   0   1   1   1   1 
4zfm_A               -          A0A089M3E4_9BACL     -           2.8e-101  343.9   7.5  2.8e-100  340.6   7.5   2.3   1   1   0   1   1   1   1 
4zfm_B               -          A0A089M3E4_9BACL     -           2.8e-101  343.9   7.5  2.8e-100  340.6   7.5   2.3   1   1   0   1   1   1   1 
4zfm_C               -          A0A089M3E4_9BACL     -           2.8e-101  343.9   7.5  2.8e-100  340.6   7.5   2.3   1   1   0   1   1   1   1 
4zfm_D               -          A0A089M3E4_9BACL     -           2.8e-101  343.9   7.5  2.8e-100  340.6   7.5   2.3   1   1   0   1   1   1   1 
1uyq_A               -          A0A089M3E4_9BACL     -            1.1e-58  203.4   2.0   2.7e-58  202.2   2.0   1.5   1   1   0   1   1   1   1 
1bgg_A               -          A0A089M3E4_9BACL     -            5.6e-58  201.1   2.4   1.4e-57  199.8   2.4   1.5   1   1   0   1   1   1   1 
1bgg_B               -          A0A089M3E4_9BACL     -            5.6e-58  201.1   2.4   1.4e-57  199.8   2.4   1.5   1   1   0   1   1   1   1 
1bgg_C               -          A0A089M3E4_9BACL     -            5.6e-58  201.1   2.4   1.4e-57  199.8   2.4   1.5   1   1   0   1   1   1   1 
1bgg_D               -          A0A089M3E4_9BACL     -            5.6e-58  201.1   2.4   1.4e-57  199.8   2.4   1.5   1   1   0   1   1   1   1 
1bga_A               -          A0A089M3E4_9BACL     -            5.8e-58  201.1   2.4   1.4e-57  199.8   2.4   1.5   1   1   0   1   1   1   1 
1bga_B               -          A0A089M3E4_9BACL     -            5.8e-58  201.1   2.4   1.4e-57  199.8   2.4   1.5   1   1   0   1   1   1   1 
1bga_C               -          A0A089M3E4_9BACL     -            5.8e-58  201.1   2.4   1.4e-57  199.8   2.4   1.5   1   1   0   1   1   1   1 
1bga_D               -          A0A089M3E4_9BACL     -            5.8e-58  201.1   2.4   1.4e-57  199.8   2.4   1.5   1   1   0   1   1   1   1 
1e4i_A               -          A0A089M3E4_9BACL     -            6.3e-58  201.0   2.0   1.5e-57  199.7   2.0   1.5   1   1   0   1   1   1   1 
3ahx_A               -          A0A089M3E4_9BACL     -            7.6e-58  200.7   5.0   1.4e-57  199.8   5.0   1.3   1   1   0   1   1   1   1 
3ahx_B               -          A0A089M3E4_9BACL     -            7.6e-58  200.7   5.0   1.4e-57  199.8   5.0   1.3   1   1   0   1   1   1   1 
3ahx_C               -          A0A089M3E4_9BACL     -            7.6e-58  200.7   5.0   1.4e-57  199.8   5.0   1.3   1   1   0   1   1   1   1 
3ahx_D               -          A0A089M3E4_9BACL     -            7.6e-58  200.7   5.0   1.4e-57  199.8   5.0   1.3   1   1   0   1   1   1   1 
1tr1_A               -          A0A089M3E4_9BACL     -            1.9e-57  199.4   2.2   4.5e-57  198.1   2.2   1.5   1   1   0   1   1   1   1 
1tr1_B               -          A0A089M3E4_9BACL     -            1.9e-57  199.4   2.2   4.5e-57  198.1   2.2   1.5   1   1   0   1   1   1   1 
1tr1_C               -          A0A089M3E4_9BACL     -            1.9e-57  199.4   2.2   4.5e-57  198.1   2.2   1.5   1   1   0   1   1   1   1 
1tr1_D               -          A0A089M3E4_9BACL     -            1.9e-57  199.4   2.2   4.5e-57  198.1   2.2   1.5   1   1   0   1   1   1   1 
4gxp_A               -          A0A089M3E4_9BACL     -            1.2e-56  196.8   3.3   5.2e-56  194.6   3.3   1.8   1   1   0   1   1   1   1 
4gxp_B               -          A0A089M3E4_9BACL     -            1.2e-56  196.8   3.3   5.2e-56  194.6   3.3   1.8   1   1   0   1   1   1   1 
4gxp_C               -          A0A089M3E4_9BACL     -            1.2e-56  196.8   3.3   5.2e-56  194.6   3.3   1.8   1   1   0   1   1   1   1 
1qox_A               -          A0A089M3E4_9BACL     -              2e-55  192.7   5.3   4.4e-55  191.6   5.3   1.5   1   1   0   1   1   1   1 
1qox_B               -          A0A089M3E4_9BACL     -              2e-55  192.7   5.3   4.4e-55  191.6   5.3   1.5   1   1   0   1   1   1   1 
1qox_C               -          A0A089M3E4_9BACL     -              2e-55  192.7   5.3   4.4e-55  191.6   5.3   1.5   1   1   0   1   1   1   1 
1qox_D               -          A0A089M3E4_9BACL     -              2e-55  192.7   5.3   4.4e-55  191.6   5.3   1.5   1   1   0   1   1   1   1 
1qox_E               -          A0A089M3E4_9BACL     -              2e-55  192.7   5.3   4.4e-55  191.6   5.3   1.5   1   1   0   1   1   1   1 
1qox_F               -          A0A089M3E4_9BACL     -              2e-55  192.7   5.3   4.4e-55  191.6   5.3   1.5   1   1   0   1   1   1   1 
1qox_G               -          A0A089M3E4_9BACL     -              2e-55  192.7   5.3   4.4e-55  191.6   5.3   1.5   1   1   0   1   1   1   1 
1qox_H               -          A0A089M3E4_9BACL     -              2e-55  192.7   5.3   4.4e-55  191.6   5.3   1.5   1   1   0   1   1   1   1 
1qox_I               -          A0A089M3E4_9BACL     -              2e-55  192.7   5.3   4.4e-55  191.6   5.3   1.5   1   1   0   1   1   1   1 
1qox_J               -          A0A089M3E4_9BACL     -              2e-55  192.7   5.3   4.4e-55  191.6   5.3   1.5   1   1   0   1   1   1   1 
1qox_K               -          A0A089M3E4_9BACL     -              2e-55  192.7   5.3   4.4e-55  191.6   5.3   1.5   1   1   0   1   1   1   1 
1qox_L               -          A0A089M3E4_9BACL     -              2e-55  192.7   5.3   4.4e-55  191.6   5.3   1.5   1   1   0   1   1   1   1 
1qox_M               -          A0A089M3E4_9BACL     -              2e-55  192.7   5.3   4.4e-55  191.6   5.3   1.5   1   1   0   1   1   1   1 
1qox_N               -          A0A089M3E4_9BACL     -              2e-55  192.7   5.3   4.4e-55  191.6   5.3   1.5   1   1   0   1   1   1   1 
1qox_O               -          A0A089M3E4_9BACL     -              2e-55  192.7   5.3   4.4e-55  191.6   5.3   1.5   1   1   0   1   1   1   1 
1qox_P               -          A0A089M3E4_9BACL     -              2e-55  192.7   5.3   4.4e-55  191.6   5.3   1.5   1   1   0   1   1   1   1 
3ta9_A               -          A0A089M3E4_9BACL     -            3.2e-55  192.0   6.0   5.8e-55  191.2   6.0   1.4   1   1   0   1   1   1   1 
3ta9_B               -          A0A089M3E4_9BACL     -            3.2e-55  192.0   6.0   5.8e-55  191.2   6.0   1.4   1   1   0   1   1   1   1 
4ptv_A               -          A0A089M3E4_9BACL     -            3.4e-55  192.0   6.1   6.1e-55  191.1   6.1   1.4   1   1   0   1   1   1   1 
4ptv_B               -          A0A089M3E4_9BACL     -            3.4e-55  192.0   6.1   6.1e-55  191.1   6.1   1.4   1   1   0   1   1   1   1 
4ptw_A               -          A0A089M3E4_9BACL     -            3.4e-55  192.0   6.1   6.1e-55  191.1   6.1   1.4   1   1   0   1   1   1   1 
4ptw_B               -          A0A089M3E4_9BACL     -            3.4e-55  192.0   6.1   6.1e-55  191.1   6.1   1.4   1   1   0   1   1   1   1 
4ptx_A               -          A0A089M3E4_9BACL     -            3.4e-55  192.0   6.1   6.1e-55  191.1   6.1   1.4   1   1   0   1   1   1   1 
4ptx_B               -          A0A089M3E4_9BACL     -            3.4e-55  192.0   6.1   6.1e-55  191.1   6.1   1.4   1   1   0   1   1   1   1 
4hz6_A               -          A0A089M3E4_9BACL     -            3.7e-55  191.8   0.1   5.9e-55  191.2   0.1   1.2   1   1   0   1   1   1   1 
4hz7_A               -          A0A089M3E4_9BACL     -            3.7e-55  191.8   0.1   5.9e-55  191.2   0.1   1.2   1   1   0   1   1   1   1 
4hz8_A               -          A0A089M3E4_9BACL     -            3.7e-55  191.8   0.1   5.9e-55  191.2   0.1   1.2   1   1   0   1   1   1   1 
3cmj_A               -          A0A089M3E4_9BACL     -            4.2e-55  191.6   0.1   6.2e-55  191.1   0.1   1.2   1   0   0   1   1   1   1 
5idi_A               -          A0A089M3E4_9BACL     -            9.4e-54  187.2   7.0   4.4e-53  185.0   7.0   1.7   1   1   0   1   1   1   1 
5idi_B               -          A0A089M3E4_9BACL     -            9.4e-54  187.2   7.0   4.4e-53  185.0   7.0   1.7   1   1   0   1   1   1   1 
1od0_A               -          A0A089M3E4_9BACL     -            9.6e-54  187.2   6.7   4.1e-53  185.1   6.7   1.7   1   1   0   1   1   1   1 
1od0_B               -          A0A089M3E4_9BACL     -            9.6e-54  187.2   6.7   4.1e-53  185.1   6.7   1.7   1   1   0   1   1   1   1 
1oif_A               -          A0A089M3E4_9BACL     -            9.6e-54  187.2   6.7   4.1e-53  185.1   6.7   1.7   1   1   0   1   1   1   1 
1oif_B               -          A0A089M3E4_9BACL     -            9.6e-54  187.2   6.7   4.1e-53  185.1   6.7   1.7   1   1   0   1   1   1   1 
1oim_A               -          A0A089M3E4_9BACL     -            9.6e-54  187.2   6.7   4.1e-53  185.1   6.7   1.7   1   1   0   1   1   1   1 
1oim_B               -          A0A089M3E4_9BACL     -            9.6e-54  187.2   6.7   4.1e-53  185.1   6.7   1.7   1   1   0   1   1   1   1 
1oin_A               -          A0A089M3E4_9BACL     -            9.6e-54  187.2   6.7   4.1e-53  185.1   6.7   1.7   1   1   0   1   1   1   1 
1oin_B               -          A0A089M3E4_9BACL     -            9.6e-54  187.2   6.7   4.1e-53  185.1   6.7   1.7   1   1   0   1   1   1   1 
1uz1_A               -          A0A089M3E4_9BACL     -            9.6e-54  187.2   6.7   4.1e-53  185.1   6.7   1.7   1   1   0   1   1   1   1 
1uz1_B               -          A0A089M3E4_9BACL     -            9.6e-54  187.2   6.7   4.1e-53  185.1   6.7   1.7   1   1   0   1   1   1   1 
1w3j_A               -          A0A089M3E4_9BACL     -            9.6e-54  187.2   6.7   4.1e-53  185.1   6.7   1.7   1   1   0   1   1   1   1 
1w3j_B               -          A0A089M3E4_9BACL     -            9.6e-54  187.2   6.7   4.1e-53  185.1   6.7   1.7   1   1   0   1   1   1   1 
2cbu_A               -          A0A089M3E4_9BACL     -            9.6e-54  187.2   6.7   4.1e-53  185.1   6.7   1.7   1   1   0   1   1   1   1 
2cbu_B               -          A0A089M3E4_9BACL     -            9.6e-54  187.2   6.7   4.1e-53  185.1   6.7   1.7   1   1   0   1   1   1   1 
2cbv_A               -          A0A089M3E4_9BACL     -            9.6e-54  187.2   6.7   4.1e-53  185.1   6.7   1.7   1   1   0   1   1   1   1 
2cbv_B               -          A0A089M3E4_9BACL     -            9.6e-54  187.2   6.7   4.1e-53  185.1   6.7   1.7   1   1   0   1   1   1   1 
2ces_A               -          A0A089M3E4_9BACL     -            9.6e-54  187.2   6.7   4.1e-53  185.1   6.7   1.7   1   1   0   1   1   1   1 
2ces_B               -          A0A089M3E4_9BACL     -            9.6e-54  187.2   6.7   4.1e-53  185.1   6.7   1.7   1   1   0   1   1   1   1 
2cet_A               -          A0A089M3E4_9BACL     -            9.6e-54  187.2   6.7   4.1e-53  185.1   6.7   1.7   1   1   0   1   1   1   1 
2cet_B               -          A0A089M3E4_9BACL     -            9.6e-54  187.2   6.7   4.1e-53  185.1   6.7   1.7   1   1   0   1   1   1   1 
2j75_A               -          A0A089M3E4_9BACL     -            9.6e-54  187.2   6.7   4.1e-53  185.1   6.7   1.7   1   1   0   1   1   1   1 
2j75_B               -          A0A089M3E4_9BACL     -            9.6e-54  187.2   6.7   4.1e-53  185.1   6.7   1.7   1   1   0   1   1   1   1 
2j77_A               -          A0A089M3E4_9BACL     -            9.6e-54  187.2   6.7   4.1e-53  185.1   6.7   1.7   1   1   0   1   1   1   1 
2j77_B               -          A0A089M3E4_9BACL     -            9.6e-54  187.2   6.7   4.1e-53  185.1   6.7   1.7   1   1   0   1   1   1   1 
2j78_A               -          A0A089M3E4_9BACL     -            9.6e-54  187.2   6.7   4.1e-53  185.1   6.7   1.7   1   1   0   1   1   1   1 
2j78_B               -          A0A089M3E4_9BACL     -            9.6e-54  187.2   6.7   4.1e-53  185.1   6.7   1.7   1   1   0   1   1   1   1 
2j79_A               -          A0A089M3E4_9BACL     -            9.6e-54  187.2   6.7   4.1e-53  185.1   6.7   1.7   1   1   0   1   1   1   1 
2j79_B               -          A0A089M3E4_9BACL     -            9.6e-54  187.2   6.7   4.1e-53  185.1   6.7   1.7   1   1   0   1   1   1   1 
2j7b_A               -          A0A089M3E4_9BACL     -            9.6e-54  187.2   6.7   4.1e-53  185.1   6.7   1.7   1   1   0   1   1   1   1 
2j7b_B               -          A0A089M3E4_9BACL     -            9.6e-54  187.2   6.7   4.1e-53  185.1   6.7   1.7   1   1   0   1   1   1   1 
2j7c_A               -          A0A089M3E4_9BACL     -            9.6e-54  187.2   6.7   4.1e-53  185.1   6.7   1.7   1   1   0   1   1   1   1 
2j7c_B               -          A0A089M3E4_9BACL     -            9.6e-54  187.2   6.7   4.1e-53  185.1   6.7   1.7   1   1   0   1   1   1   1 
2j7d_A               -          A0A089M3E4_9BACL     -            9.6e-54  187.2   6.7   4.1e-53  185.1   6.7   1.7   1   1   0   1   1   1   1 
2j7d_B               -          A0A089M3E4_9BACL     -            9.6e-54  187.2   6.7   4.1e-53  185.1   6.7   1.7   1   1   0   1   1   1   1 
2j7e_A               -          A0A089M3E4_9BACL     -            9.6e-54  187.2   6.7   4.1e-53  185.1   6.7   1.7   1   1   0   1   1   1   1 
2j7e_B               -          A0A089M3E4_9BACL     -            9.6e-54  187.2   6.7   4.1e-53  185.1   6.7   1.7   1   1   0   1   1   1   1 
2j7f_A               -          A0A089M3E4_9BACL     -            9.6e-54  187.2   6.7   4.1e-53  185.1   6.7   1.7   1   1   0   1   1   1   1 
2j7f_B               -          A0A089M3E4_9BACL     -            9.6e-54  187.2   6.7   4.1e-53  185.1   6.7   1.7   1   1   0   1   1   1   1 
2j7g_A               -          A0A089M3E4_9BACL     -            9.6e-54  187.2   6.7   4.1e-53  185.1   6.7   1.7   1   1   0   1   1   1   1 
2j7g_B               -          A0A089M3E4_9BACL     -            9.6e-54  187.2   6.7   4.1e-53  185.1   6.7   1.7   1   1   0   1   1   1   1 
2j7h_A               -          A0A089M3E4_9BACL     -            9.6e-54  187.2   6.7   4.1e-53  185.1   6.7   1.7   1   1   0   1   1   1   1 
2j7h_B               -          A0A089M3E4_9BACL     -            9.6e-54  187.2   6.7   4.1e-53  185.1   6.7   1.7   1   1   0   1   1   1   1 
2jal_A               -          A0A089M3E4_9BACL     -            9.6e-54  187.2   6.7   4.1e-53  185.1   6.7   1.7   1   1   0   1   1   1   1 
2jal_B               -          A0A089M3E4_9BACL     -            9.6e-54  187.2   6.7   4.1e-53  185.1   6.7   1.7   1   1   0   1   1   1   1 
2vrj_A               -          A0A089M3E4_9BACL     -            9.6e-54  187.2   6.7   4.1e-53  185.1   6.7   1.7   1   1   0   1   1   1   1 
2vrj_B               -          A0A089M3E4_9BACL     -            9.6e-54  187.2   6.7   4.1e-53  185.1   6.7   1.7   1   1   0   1   1   1   1 
2wbg_A               -          A0A089M3E4_9BACL     -            9.6e-54  187.2   6.7   4.1e-53  185.1   6.7   1.7   1   1   0   1   1   1   1 
2wbg_B               -          A0A089M3E4_9BACL     -            9.6e-54  187.2   6.7   4.1e-53  185.1   6.7   1.7   1   1   0   1   1   1   1 
2wbg_C               -          A0A089M3E4_9BACL     -            9.6e-54  187.2   6.7   4.1e-53  185.1   6.7   1.7   1   1   0   1   1   1   1 
2wbg_D               -          A0A089M3E4_9BACL     -            9.6e-54  187.2   6.7   4.1e-53  185.1   6.7   1.7   1   1   0   1   1   1   1 
2wc3_A               -          A0A089M3E4_9BACL     -            9.6e-54  187.2   6.7   4.1e-53  185.1   6.7   1.7   1   1   0   1   1   1   1 
2wc3_B               -          A0A089M3E4_9BACL     -            9.6e-54  187.2   6.7   4.1e-53  185.1   6.7   1.7   1   1   0   1   1   1   1 
2wc3_C               -          A0A089M3E4_9BACL     -            9.6e-54  187.2   6.7   4.1e-53  185.1   6.7   1.7   1   1   0   1   1   1   1 
2wc3_D               -          A0A089M3E4_9BACL     -            9.6e-54  187.2   6.7   4.1e-53  185.1   6.7   1.7   1   1   0   1   1   1   1 
2wc4_A               -          A0A089M3E4_9BACL     -            9.6e-54  187.2   6.7   4.1e-53  185.1   6.7   1.7   1   1   0   1   1   1   1 
2wc4_B               -          A0A089M3E4_9BACL     -            9.6e-54  187.2   6.7   4.1e-53  185.1   6.7   1.7   1   1   0   1   1   1   1 
2wc4_C               -          A0A089M3E4_9BACL     -            9.6e-54  187.2   6.7   4.1e-53  185.1   6.7   1.7   1   1   0   1   1   1   1 
2wc4_D               -          A0A089M3E4_9BACL     -            9.6e-54  187.2   6.7   4.1e-53  185.1   6.7   1.7   1   1   0   1   1   1   1 
5n6s_A               -          A0A089M3E4_9BACL     -            9.6e-54  187.2   6.7   4.1e-53  185.1   6.7   1.7   1   1   0   1   1   1   1 
5n6s_B               -          A0A089M3E4_9BACL     -            9.6e-54  187.2   6.7   4.1e-53  185.1   6.7   1.7   1   1   0   1   1   1   1 
5n6s_C               -          A0A089M3E4_9BACL     -            9.6e-54  187.2   6.7   4.1e-53  185.1   6.7   1.7   1   1   0   1   1   1   1 
5n6s_D               -          A0A089M3E4_9BACL     -            9.6e-54  187.2   6.7   4.1e-53  185.1   6.7   1.7   1   1   0   1   1   1   1 
5n6t_A               -          A0A089M3E4_9BACL     -            9.6e-54  187.2   6.7   4.1e-53  185.1   6.7   1.7   1   1   0   1   1   1   1 
5n6t_B               -          A0A089M3E4_9BACL     -            9.6e-54  187.2   6.7   4.1e-53  185.1   6.7   1.7   1   1   0   1   1   1   1 
3aiu_A               -          A0A089M3E4_9BACL     -            2.7e-50  175.8   6.6   3.2e-49  172.3   6.6   2.0   1   1   0   1   1   1   1 
3aiv_A               -          A0A089M3E4_9BACL     -            2.7e-50  175.8   6.6   3.2e-49  172.3   6.6   2.0   1   1   0   1   1   1   1 
3aiw_A               -          A0A089M3E4_9BACL     -            2.7e-50  175.8   6.6   3.2e-49  172.3   6.6   2.0   1   1   0   1   1   1   1 
3w53_A               -          A0A089M3E4_9BACL     -            2.9e-50  175.7   3.0   1.9e-49  173.0   3.0   2.1   1   1   0   1   1   1   1 
1pbg_A               -          A0A089M3E4_9BACL     -            4.9e-49  171.6  15.7   3.6e-47  165.5  15.7   2.7   1   1   0   1   1   1   1 
1pbg_B               -          A0A089M3E4_9BACL     -            4.9e-49  171.6  15.7   3.6e-47  165.5  15.7   2.7   1   1   0   1   1   1   1 
3pbg_A               -          A0A089M3E4_9BACL     -            4.9e-49  171.6  15.7   3.6e-47  165.5  15.7   2.7   1   1   0   1   1   1   1 
3pbg_B               -          A0A089M3E4_9BACL     -            4.9e-49  171.6  15.7   3.6e-47  165.5  15.7   2.7   1   1   0   1   1   1   1 
2pbg_A               -          A0A089M3E4_9BACL     -            9.8e-49  170.6  16.0   7.5e-47  164.4  16.0   2.7   1   1   0   1   1   1   1 
1gnx_A               -          A0A089M3E4_9BACL     -            1.3e-48  170.3   0.4   5.1e-48  168.3   0.4   1.8   1   1   0   1   1   1   1 
1gnx_B               -          A0A089M3E4_9BACL     -            1.3e-48  170.3   0.4   5.1e-48  168.3   0.4   1.8   1   1   0   1   1   1   1 
1gon_A               -          A0A089M3E4_9BACL     -            1.3e-48  170.3   0.4   5.1e-48  168.3   0.4   1.8   1   1   0   1   1   1   1 
1gon_B               -          A0A089M3E4_9BACL     -            1.3e-48  170.3   0.4   5.1e-48  168.3   0.4   1.8   1   1   0   1   1   1   1 
4pbg_A               -          A0A089M3E4_9BACL     -            6.1e-48  168.0  15.2   4.5e-46  161.9  15.2   2.7   1   1   0   1   1   1   1 
4pbg_B               -          A0A089M3E4_9BACL     -            6.1e-48  168.0  15.2   4.5e-46  161.9  15.2   2.7   1   1   0   1   1   1   1 
2dga_A               -          A0A089M3E4_9BACL     -            2.5e-47  166.0   5.5   1.6e-46  163.4   5.5   1.9   1   1   0   1   1   1   1 
3aiq_A               -          A0A089M3E4_9BACL     -            2.5e-47  166.0   5.5   1.6e-46  163.4   5.5   1.9   1   1   0   1   1   1   1 
3air_A               -          A0A089M3E4_9BACL     -            2.5e-47  166.0   5.5   1.6e-46  163.4   5.5   1.9   1   1   0   1   1   1   1 
3ais_A               -          A0A089M3E4_9BACL     -            1.3e-46  163.6   5.4   8.2e-46  161.0   5.4   1.9   1   1   0   1   1   1   1 
5foo_A               -          A0A089M3E4_9BACL     -            1.8e-46  163.2   4.3   4.1e-45  158.7   4.3   2.0   1   1   0   1   1   1   1 
5foo_B               -          A0A089M3E4_9BACL     -            1.8e-46  163.2   4.3   4.1e-45  158.7   4.3   2.0   1   1   0   1   1   1   1 
5foo_C               -          A0A089M3E4_9BACL     -            1.8e-46  163.2   4.3   4.1e-45  158.7   4.3   2.0   1   1   0   1   1   1   1 
5foo_D               -          A0A089M3E4_9BACL     -            1.8e-46  163.2   4.3   4.1e-45  158.7   4.3   2.0   1   1   0   1   1   1   1 
5foo_E               -          A0A089M3E4_9BACL     -            1.8e-46  163.2   4.3   4.1e-45  158.7   4.3   2.0   1   1   0   1   1   1   1 
5foo_F               -          A0A089M3E4_9BACL     -            1.8e-46  163.2   4.3   4.1e-45  158.7   4.3   2.0   1   1   0   1   1   1   1 
1wcg_A               -          A0A089M3E4_9BACL     -            3.7e-46  162.1   6.7   1.4e-45  160.2   6.7   1.7   1   1   0   1   1   1   1 
1wcg_B               -          A0A089M3E4_9BACL     -            3.7e-46  162.1   6.7   1.4e-45  160.2   6.7   1.7   1   1   0   1   1   1   1 
2jie_A               -          A0A089M3E4_9BACL     -            3.9e-46  162.1   1.9   5.4e-46  161.6   1.9   1.2   1   0   0   1   1   1   1 
4b3k_A               -          A0A089M3E4_9BACL     -            1.5e-45  160.2   4.3   3.2e-44  155.7   4.3   2.0   1   1   0   1   1   1   1 
4b3k_B               -          A0A089M3E4_9BACL     -            1.5e-45  160.2   4.3   3.2e-44  155.7   4.3   2.0   1   1   0   1   1   1   1 
4b3k_C               -          A0A089M3E4_9BACL     -            1.5e-45  160.2   4.3   3.2e-44  155.7   4.3   2.0   1   1   0   1   1   1   1 
4b3k_D               -          A0A089M3E4_9BACL     -            1.5e-45  160.2   4.3   3.2e-44  155.7   4.3   2.0   1   1   0   1   1   1   1 
4b3k_E               -          A0A089M3E4_9BACL     -            1.5e-45  160.2   4.3   3.2e-44  155.7   4.3   2.0   1   1   0   1   1   1   1 
4b3k_F               -          A0A089M3E4_9BACL     -            1.5e-45  160.2   4.3   3.2e-44  155.7   4.3   2.0   1   1   0   1   1   1   1 
4b3l_A               -          A0A089M3E4_9BACL     -            1.5e-45  160.2   4.3   3.2e-44  155.7   4.3   2.0   1   1   0   1   1   1   1 
4b3l_B               -          A0A089M3E4_9BACL     -            1.5e-45  160.2   4.3   3.2e-44  155.7   4.3   2.0   1   1   0   1   1   1   1 
4b3l_C               -          A0A089M3E4_9BACL     -            1.5e-45  160.2   4.3   3.2e-44  155.7   4.3   2.0   1   1   0   1   1   1   1 
4b3l_D               -          A0A089M3E4_9BACL     -            1.5e-45  160.2   4.3   3.2e-44  155.7   4.3   2.0   1   1   0   1   1   1   1 
4b3l_E               -          A0A089M3E4_9BACL     -            1.5e-45  160.2   4.3   3.2e-44  155.7   4.3   2.0   1   1   0   1   1   1   1 
4b3l_F               -          A0A089M3E4_9BACL     -            1.5e-45  160.2   4.3   3.2e-44  155.7   4.3   2.0   1   1   0   1   1   1   1 
2o9r_A               -          A0A089M3E4_9BACL     -            4.3e-45  158.6   1.7   6.1e-45  158.1   1.7   1.2   1   0   0   1   1   1   1 
2o9p_A               -          A0A089M3E4_9BACL     -            4.4e-45  158.6   1.7   6.2e-45  158.1   1.7   1.2   1   0   0   1   1   1   1 
2o9t_A               -          A0A089M3E4_9BACL     -            4.4e-45  158.6   1.7   6.2e-45  158.1   1.7   1.2   1   0   0   1   1   1   1 
2z1s_A               -          A0A089M3E4_9BACL     -            4.4e-45  158.6   1.7   6.2e-45  158.1   1.7   1.2   1   0   0   1   1   1   1 
3gno_A               -          A0A089M3E4_9BACL     -              8e-45  157.7   2.7   2.5e-44  156.1   2.7   1.8   1   1   0   1   1   1   1 
3gnp_A               -          A0A089M3E4_9BACL     -              8e-45  157.7   2.7   2.5e-44  156.1   2.7   1.8   1   1   0   1   1   1   1 
3gnr_A               -          A0A089M3E4_9BACL     -              8e-45  157.7   2.7   2.5e-44  156.1   2.7   1.8   1   1   0   1   1   1   1 
3wba_A               -          A0A089M3E4_9BACL     -            2.3e-44  156.2   2.9   7.2e-44  154.6   2.9   1.8   1   1   0   1   1   1   1 
3wbe_A               -          A0A089M3E4_9BACL     -            2.3e-44  156.2   2.9   7.2e-44  154.6   2.9   1.8   1   1   0   1   1   1   1 
3ahy_A               -          A0A089M3E4_9BACL     -            3.3e-44  155.7   1.7   7.6e-44  154.5   1.7   1.5   1   1   0   1   1   1   1 
3ahy_B               -          A0A089M3E4_9BACL     -            3.3e-44  155.7   1.7   7.6e-44  154.5   1.7   1.5   1   1   0   1   1   1   1 
3ahy_C               -          A0A089M3E4_9BACL     -            3.3e-44  155.7   1.7   7.6e-44  154.5   1.7   1.5   1   1   0   1   1   1   1 
3ahy_D               -          A0A089M3E4_9BACL     -            3.3e-44  155.7   1.7   7.6e-44  154.5   1.7   1.5   1   1   0   1   1   1   1 
1v03_A               -          A0A089M3E4_9BACL     -              1e-42  150.8   3.5   1.4e-41  147.0   3.5   2.2   1   1   0   1   1   1   1 
1v02_E               -          A0A089M3E4_9BACL     -            1.4e-42  150.4   3.5   1.9e-41  146.6   3.5   2.2   1   1   0   1   1   1   1 
4bce_A               -          A0A089M3E4_9BACL     -            2.8e-42  149.3   0.7     1e-41  147.5   0.7   1.7   1   1   0   1   1   1   1 
4bce_B               -          A0A089M3E4_9BACL     -            2.8e-42  149.3   0.7     1e-41  147.5   0.7   1.7   1   1   0   1   1   1   1 
4bce_C               -          A0A089M3E4_9BACL     -            2.8e-42  149.3   0.7     1e-41  147.5   0.7   1.7   1   1   0   1   1   1   1 
3ahz_A               -          A0A089M3E4_9BACL     -            3.3e-42  149.1   4.6     2e-41  146.5   4.6   2.1   1   1   0   1   1   1   1 
3vif_A               -          A0A089M3E4_9BACL     -            3.3e-42  149.1   4.6     2e-41  146.5   4.6   2.1   1   1   0   1   1   1   1 
3vig_A               -          A0A089M3E4_9BACL     -            3.3e-42  149.1   4.6     2e-41  146.5   4.6   2.1   1   1   0   1   1   1   1 
3vih_A               -          A0A089M3E4_9BACL     -            3.3e-42  149.1   4.6     2e-41  146.5   4.6   2.1   1   1   0   1   1   1   1 
3vii_A               -          A0A089M3E4_9BACL     -            3.3e-42  149.1   4.6     2e-41  146.5   4.6   2.1   1   1   0   1   1   1   1 
1ug6_A               -          A0A089M3E4_9BACL     -            5.6e-42  148.3   0.8     2e-41  146.5   0.8   1.7   1   1   0   1   1   1   1 
3ai0_A               -          A0A089M3E4_9BACL     -            7.1e-42  148.0   4.5   4.4e-41  145.4   4.5   2.1   1   1   0   1   1   1   1 
3vim_A               -          A0A089M3E4_9BACL     -            7.1e-42  148.0   4.5   4.4e-41  145.4   4.5   2.1   1   1   0   1   1   1   1 
3vin_A               -          A0A089M3E4_9BACL     -            7.1e-42  148.0   4.5   4.4e-41  145.4   4.5   2.1   1   1   0   1   1   1   1 
3vio_A               -          A0A089M3E4_9BACL     -            7.1e-42  148.0   4.5   4.4e-41  145.4   4.5   2.1   1   1   0   1   1   1   1 
3vip_A               -          A0A089M3E4_9BACL     -            7.1e-42  148.0   4.5   4.4e-41  145.4   4.5   2.1   1   1   0   1   1   1   1 
5bwf_A               -          A0A089M3E4_9BACL     -            8.2e-42  147.8   3.5   2.1e-41  146.5   3.5   1.5   1   1   0   1   1   1   1 
5bwf_B               -          A0A089M3E4_9BACL     -            8.2e-42  147.8   3.5   2.1e-41  146.5   3.5   1.5   1   1   0   1   1   1   1 
1v02_A               -          A0A089M3E4_9BACL     -            9.3e-42  147.6   3.5   1.3e-40  143.9   3.5   2.2   1   1   0   1   1   1   1 
1v02_B               -          A0A089M3E4_9BACL     -            9.3e-42  147.6   3.5   1.3e-40  143.9   3.5   2.2   1   1   0   1   1   1   1 
1v02_C               -          A0A089M3E4_9BACL     -            9.3e-42  147.6   3.5   1.3e-40  143.9   3.5   2.2   1   1   0   1   1   1   1 
1v02_D               -          A0A089M3E4_9BACL     -            9.3e-42  147.6   3.5   1.3e-40  143.9   3.5   2.2   1   1   0   1   1   1   1 
1v02_F               -          A0A089M3E4_9BACL     -            9.3e-42  147.6   3.5   1.3e-40  143.9   3.5   2.2   1   1   0   1   1   1   1 
3vik_A               -          A0A089M3E4_9BACL     -            1.1e-41  147.4   4.4   6.8e-41  144.8   4.4   2.1   1   1   0   1   1   1   1 
3vil_A               -          A0A089M3E4_9BACL     -            1.1e-41  147.4   4.4   6.8e-41  144.8   4.4   2.1   1   1   0   1   1   1   1 
3zjk_A               -          A0A089M3E4_9BACL     -            1.3e-41  147.2   0.6   4.5e-41  145.4   0.6   1.7   1   1   0   1   1   1   1 
3zjk_B               -          A0A089M3E4_9BACL     -            1.3e-41  147.2   0.6   4.5e-41  145.4   0.6   1.7   1   1   0   1   1   1   1 
3zjk_C               -          A0A089M3E4_9BACL     -            1.3e-41  147.2   0.6   4.5e-41  145.4   0.6   1.7   1   1   0   1   1   1   1 
3vij_A               -          A0A089M3E4_9BACL     -            1.3e-41  147.1   4.2   8.2e-41  144.5   4.2   2.2   1   1   0   1   1   1   1 
2e3z_A               -          A0A089M3E4_9BACL     -            2.2e-41  146.4   5.4   6.4e-41  144.9   5.4   1.6   1   1   0   1   1   1   1 
2e3z_B               -          A0A089M3E4_9BACL     -            2.2e-41  146.4   5.4   6.4e-41  144.9   5.4   1.6   1   1   0   1   1   1   1 
2e40_A               -          A0A089M3E4_9BACL     -            2.2e-41  146.4   5.4   6.4e-41  144.9   5.4   1.6   1   1   0   1   1   1   1 
2e40_B               -          A0A089M3E4_9BACL     -            2.2e-41  146.4   5.4   6.4e-41  144.9   5.4   1.6   1   1   0   1   1   1   1 
3ptk_A               -          A0A089M3E4_9BACL     -            2.2e-41  146.4   4.4   1.2e-40  144.0   4.4   2.0   1   1   0   1   1   1   1 
3ptk_B               -          A0A089M3E4_9BACL     -            2.2e-41  146.4   4.4   1.2e-40  144.0   4.4   2.0   1   1   0   1   1   1   1 
3ptm_A               -          A0A089M3E4_9BACL     -            2.2e-41  146.4   4.4   1.2e-40  144.0   4.4   2.0   1   1   0   1   1   1   1 
3ptm_B               -          A0A089M3E4_9BACL     -            2.2e-41  146.4   4.4   1.2e-40  144.0   4.4   2.0   1   1   0   1   1   1   1 
3ptq_A               -          A0A089M3E4_9BACL     -            2.2e-41  146.4   4.4   1.2e-40  144.0   4.4   2.0   1   1   0   1   1   1   1 
3ptq_B               -          A0A089M3E4_9BACL     -            2.2e-41  146.4   4.4   1.2e-40  144.0   4.4   2.0   1   1   0   1   1   1   1 
1np2_A               -          A0A089M3E4_9BACL     -            2.2e-41  146.4   0.9     9e-41  144.4   0.9   1.8   1   1   0   1   1   1   1 
1np2_B               -          A0A089M3E4_9BACL     -            2.2e-41  146.4   0.9     9e-41  144.4   0.9   1.8   1   1   0   1   1   1   1 
2jf6_A               -          A0A089M3E4_9BACL     -            2.5e-41  146.2   5.8   4.3e-41  145.5   5.8   1.3   1   1   0   1   1   1   1 
2jf6_B               -          A0A089M3E4_9BACL     -            2.5e-41  146.2   5.8   4.3e-41  145.5   5.8   1.3   1   1   0   1   1   1   1 
2jf7_A               -          A0A089M3E4_9BACL     -            2.5e-41  146.2   5.8   4.3e-41  145.5   5.8   1.3   1   1   0   1   1   1   1 
2jf7_B               -          A0A089M3E4_9BACL     -            2.5e-41  146.2   5.8   4.3e-41  145.5   5.8   1.3   1   1   0   1   1   1   1 
3zj7_A               -          A0A089M3E4_9BACL     -            2.5e-41  146.2   5.8   4.3e-41  145.5   5.8   1.3   1   1   0   1   1   1   1 
3zj7_B               -          A0A089M3E4_9BACL     -            2.5e-41  146.2   5.8   4.3e-41  145.5   5.8   1.3   1   1   0   1   1   1   1 
3zj8_A               -          A0A089M3E4_9BACL     -            2.5e-41  146.2   5.8   4.3e-41  145.5   5.8   1.3   1   1   0   1   1   1   1 
3zj8_B               -          A0A089M3E4_9BACL     -            2.5e-41  146.2   5.8   4.3e-41  145.5   5.8   1.3   1   1   0   1   1   1   1 
5ayb_A               -          A0A089M3E4_9BACL     -            2.9e-41  146.0   0.1     9e-41  144.4   0.1   1.6   1   1   0   1   1   1   1 
4re2_A               -          A0A089M3E4_9BACL     -            3.1e-41  145.9   7.6   1.3e-40  143.9   7.6   1.9   1   1   0   1   1   1   1 
4re3_A               -          A0A089M3E4_9BACL     -            3.1e-41  145.9   7.6   1.3e-40  143.9   7.6   1.9   1   1   0   1   1   1   1 
4re4_A               -          A0A089M3E4_9BACL     -            3.1e-41  145.9   7.6   1.3e-40  143.9   7.6   1.9   1   1   0   1   1   1   1 
4jho_A               -          A0A089M3E4_9BACL     -            3.1e-41  145.9   7.6   1.3e-40  143.9   7.6   1.9   1   1   0   1   1   1   1 
4jie_A               -          A0A089M3E4_9BACL     -            3.1e-41  145.9   7.6   1.3e-40  143.9   7.6   1.9   1   1   0   1   1   1   1 
5ayi_A               -          A0A089M3E4_9BACL     -            4.1e-41  145.5   0.1   1.3e-40  143.9   0.1   1.6   1   1   0   1   1   1   1 
5gny_A               -          A0A089M3E4_9BACL     -            4.2e-41  145.5   2.8   1.8e-40  143.4   2.8   1.7   1   1   0   1   1   1   1 
5gny_B               -          A0A089M3E4_9BACL     -            4.2e-41  145.5   2.8   1.8e-40  143.4   2.8   1.7   1   1   0   1   1   1   1 
5gny_C               -          A0A089M3E4_9BACL     -            4.2e-41  145.5   2.8   1.8e-40  143.4   2.8   1.7   1   1   0   1   1   1   1 
5gny_D               -          A0A089M3E4_9BACL     -            4.2e-41  145.5   2.8   1.8e-40  143.4   2.8   1.7   1   1   0   1   1   1   1 
5gnz_A               -          A0A089M3E4_9BACL     -            4.3e-41  145.4   3.2   1.9e-40  143.3   3.2   1.7   1   1   0   1   1   1   1 
5gnz_B               -          A0A089M3E4_9BACL     -            4.3e-41  145.4   3.2   1.9e-40  143.3   3.2   1.7   1   1   0   1   1   1   1 
5gnz_C               -          A0A089M3E4_9BACL     -            4.3e-41  145.4   3.2   1.9e-40  143.3   3.2   1.7   1   1   0   1   1   1   1 
5gnz_D               -          A0A089M3E4_9BACL     -            4.3e-41  145.4   3.2   1.9e-40  143.3   3.2   1.7   1   1   0   1   1   1   1 
5gnz_H               -          A0A089M3E4_9BACL     -            4.3e-41  145.4   3.2   1.9e-40  143.3   3.2   1.7   1   1   0   1   1   1   1 
5gnz_I               -          A0A089M3E4_9BACL     -            4.3e-41  145.4   3.2   1.9e-40  143.3   3.2   1.7   1   1   0   1   1   1   1 
5gnz_J               -          A0A089M3E4_9BACL     -            4.3e-41  145.4   3.2   1.9e-40  143.3   3.2   1.7   1   1   0   1   1   1   1 
5gnz_K               -          A0A089M3E4_9BACL     -            4.3e-41  145.4   3.2   1.9e-40  143.3   3.2   1.7   1   1   0   1   1   1   1 
3wh5_A               -          A0A089M3E4_9BACL     -            5.6e-41  145.1   0.1   1.7e-40  143.4   0.1   1.6   1   1   0   1   1   1   1 
3wh6_A               -          A0A089M3E4_9BACL     -            5.6e-41  145.1   0.1   1.7e-40  143.4   0.1   1.6   1   1   0   1   1   1   1 
3wh7_A               -          A0A089M3E4_9BACL     -            5.6e-41  145.1   0.1   1.7e-40  143.4   0.1   1.6   1   1   0   1   1   1   1 
3wh8_A               -          A0A089M3E4_9BACL     -            5.6e-41  145.1   0.1   1.7e-40  143.4   0.1   1.6   1   1   0   1   1   1   1 
5gnx_A               -          A0A089M3E4_9BACL     -            9.5e-41  144.3   2.6   4.2e-40  142.2   2.6   1.7   1   1   0   1   1   1   1 
5gnx_B               -          A0A089M3E4_9BACL     -            9.5e-41  144.3   2.6   4.2e-40  142.2   2.6   1.7   1   1   0   1   1   1   1 
3wq4_A               -          A0A089M3E4_9BACL     -              1e-40  144.2   2.5   2.1e-40  143.1   2.5   1.5   1   1   0   1   1   1   1 
3wq4_B               -          A0A089M3E4_9BACL     -              1e-40  144.2   2.5   2.1e-40  143.1   2.5   1.5   1   1   0   1   1   1   1 
3wq5_A               -          A0A089M3E4_9BACL     -              1e-40  144.2   2.5   2.1e-40  143.1   2.5   1.5   1   1   0   1   1   1   1 
3wq5_B               -          A0A089M3E4_9BACL     -              1e-40  144.2   2.5   2.1e-40  143.1   2.5   1.5   1   1   0   1   1   1   1 
3wq6_A               -          A0A089M3E4_9BACL     -              1e-40  144.2   2.5   2.1e-40  143.1   2.5   1.5   1   1   0   1   1   1   1 
3wq6_B               -          A0A089M3E4_9BACL     -              1e-40  144.2   2.5   2.1e-40  143.1   2.5   1.5   1   1   0   1   1   1   1 
4qll_A               -          A0A089M3E4_9BACL     -            4.4e-39  138.8   2.3   9.9e-39  137.6   2.3   1.6   1   1   0   1   1   1   1 
4qll_B               -          A0A089M3E4_9BACL     -            4.4e-39  138.8   2.3   9.9e-39  137.6   2.3   1.6   1   1   0   1   1   1   1 
4qlk_A               -          A0A089M3E4_9BACL     -            5.3e-39  138.5   2.2   1.2e-38  137.4   2.2   1.6   1   1   0   1   1   1   1 
4qlk_B               -          A0A089M3E4_9BACL     -            5.3e-39  138.5   2.2   1.2e-38  137.4   2.2   1.6   1   1   0   1   1   1   1 
1hxj_A               -          A0A089M3E4_9BACL     -            5.6e-39  138.5   6.8     6e-38  135.1   6.8   2.4   1   1   0   1   1   1   1 
1hxj_B               -          A0A089M3E4_9BACL     -            5.6e-39  138.5   6.8     6e-38  135.1   6.8   2.4   1   1   0   1   1   1   1 
1e1e_A               -          A0A089M3E4_9BACL     -            5.8e-39  138.4   6.8   6.2e-38  135.0   6.8   2.4   1   1   0   1   1   1   1 
1e1e_B               -          A0A089M3E4_9BACL     -            5.8e-39  138.4   6.8   6.2e-38  135.0   6.8   2.4   1   1   0   1   1   1   1 
1e1f_A               -          A0A089M3E4_9BACL     -            5.8e-39  138.4   6.8   6.2e-38  135.0   6.8   2.4   1   1   0   1   1   1   1 
1e1f_B               -          A0A089M3E4_9BACL     -            5.8e-39  138.4   6.8   6.2e-38  135.0   6.8   2.4   1   1   0   1   1   1   1 
2rgl_A               -          A0A089M3E4_9BACL     -            6.4e-39  138.3   3.5   1.5e-38  137.1   3.5   1.6   1   1   0   1   1   1   1 
2rgl_B               -          A0A089M3E4_9BACL     -            6.4e-39  138.3   3.5   1.5e-38  137.1   3.5   1.6   1   1   0   1   1   1   1 
2rgm_A               -          A0A089M3E4_9BACL     -            6.4e-39  138.3   3.5   1.5e-38  137.1   3.5   1.6   1   1   0   1   1   1   1 
2rgm_B               -          A0A089M3E4_9BACL     -            6.4e-39  138.3   3.5   1.5e-38  137.1   3.5   1.6   1   1   0   1   1   1   1 
1h49_A               -          A0A089M3E4_9BACL     -            9.5e-39  137.7   6.6     1e-37  134.3   6.6   2.3   1   1   0   1   1   1   1 
1h49_B               -          A0A089M3E4_9BACL     -            9.5e-39  137.7   6.6     1e-37  134.3   6.6   2.3   1   1   0   1   1   1   1 
4qlj_A               -          A0A089M3E4_9BACL     -            1.3e-38  137.2   2.7     3e-38  136.1   2.7   1.6   1   1   0   1   1   1   1 
4qlj_B               -          A0A089M3E4_9BACL     -            1.3e-38  137.2   2.7     3e-38  136.1   2.7   1.6   1   1   0   1   1   1   1 
3aht_A               -          A0A089M3E4_9BACL     -            1.4e-38  137.2   3.3   3.1e-38  136.0   3.3   1.6   1   1   0   1   1   1   1 
3aht_B               -          A0A089M3E4_9BACL     -            1.4e-38  137.2   3.3   3.1e-38  136.0   3.3   1.6   1   1   0   1   1   1   1 
3ahv_A               -          A0A089M3E4_9BACL     -            1.4e-38  137.2   3.3   3.1e-38  136.0   3.3   1.6   1   1   0   1   1   1   1 
3ahv_B               -          A0A089M3E4_9BACL     -            1.4e-38  137.2   3.3   3.1e-38  136.0   3.3   1.6   1   1   0   1   1   1   1 
3f4v_A               -          A0A089M3E4_9BACL     -            1.4e-38  137.2   3.3   3.1e-38  136.0   3.3   1.6   1   1   0   1   1   1   1 
3f4v_B               -          A0A089M3E4_9BACL     -            1.4e-38  137.2   3.3   3.1e-38  136.0   3.3   1.6   1   1   0   1   1   1   1 
3f5j_A               -          A0A089M3E4_9BACL     -            1.4e-38  137.2   3.3   3.1e-38  136.0   3.3   1.6   1   1   0   1   1   1   1 
3f5j_B               -          A0A089M3E4_9BACL     -            1.4e-38  137.2   3.3   3.1e-38  136.0   3.3   1.6   1   1   0   1   1   1   1 
3f5k_A               -          A0A089M3E4_9BACL     -            1.4e-38  137.2   3.3   3.1e-38  136.0   3.3   1.6   1   1   0   1   1   1   1 
3f5k_B               -          A0A089M3E4_9BACL     -            1.4e-38  137.2   3.3   3.1e-38  136.0   3.3   1.6   1   1   0   1   1   1   1 
3f5l_A               -          A0A089M3E4_9BACL     -            1.4e-38  137.2   3.3   3.1e-38  136.0   3.3   1.6   1   1   0   1   1   1   1 
3f5l_B               -          A0A089M3E4_9BACL     -            1.4e-38  137.2   3.3   3.1e-38  136.0   3.3   1.6   1   1   0   1   1   1   1 
1e4l_A               -          A0A089M3E4_9BACL     -            1.4e-38  137.1   6.8   1.5e-37  133.7   6.8   2.4   1   1   0   1   1   1   1 
1e4l_B               -          A0A089M3E4_9BACL     -            1.4e-38  137.1   6.8   1.5e-37  133.7   6.8   2.4   1   1   0   1   1   1   1 
1e4n_A               -          A0A089M3E4_9BACL     -            1.4e-38  137.1   6.8   1.5e-37  133.7   6.8   2.4   1   1   0   1   1   1   1 
1e4n_B               -          A0A089M3E4_9BACL     -            1.4e-38  137.1   6.8   1.5e-37  133.7   6.8   2.4   1   1   0   1   1   1   1 
1e55_A               -          A0A089M3E4_9BACL     -            1.4e-38  137.1   6.8   1.5e-37  133.7   6.8   2.4   1   1   0   1   1   1   1 
1e55_B               -          A0A089M3E4_9BACL     -            1.4e-38  137.1   6.8   1.5e-37  133.7   6.8   2.4   1   1   0   1   1   1   1 
1e56_A               -          A0A089M3E4_9BACL     -            1.4e-38  137.1   6.8   1.5e-37  133.7   6.8   2.4   1   1   0   1   1   1   1 
1e56_B               -          A0A089M3E4_9BACL     -            1.4e-38  137.1   6.8   1.5e-37  133.7   6.8   2.4   1   1   0   1   1   1   1 
1v08_A               -          A0A089M3E4_9BACL     -            1.4e-38  137.1   6.8   1.5e-37  133.7   6.8   2.4   1   1   0   1   1   1   1 
1v08_B               -          A0A089M3E4_9BACL     -            1.4e-38  137.1   6.8   1.5e-37  133.7   6.8   2.4   1   1   0   1   1   1   1 
3scw_A               -          A0A089M3E4_9BACL     -            1.6e-38  136.9   2.6   3.7e-38  135.7   2.6   1.6   1   1   0   1   1   1   1 
3scw_B               -          A0A089M3E4_9BACL     -            1.6e-38  136.9   2.6   3.7e-38  135.7   2.6   1.6   1   1   0   1   1   1   1 
3scr_A               -          A0A089M3E4_9BACL     -              2e-38  136.6   3.2   4.6e-38  135.4   3.2   1.6   1   1   0   1   1   1   1 
3scr_B               -          A0A089M3E4_9BACL     -              2e-38  136.6   3.2   4.6e-38  135.4   3.2   1.6   1   1   0   1   1   1   1 
3scs_A               -          A0A089M3E4_9BACL     -              2e-38  136.6   3.2   4.6e-38  135.4   3.2   1.6   1   1   0   1   1   1   1 
3scs_B               -          A0A089M3E4_9BACL     -              2e-38  136.6   3.2   4.6e-38  135.4   3.2   1.6   1   1   0   1   1   1   1 
3scv_A               -          A0A089M3E4_9BACL     -            2.1e-38  136.6   2.9   4.6e-38  135.4   2.9   1.6   1   1   0   1   1   1   1 
3scv_B               -          A0A089M3E4_9BACL     -            2.1e-38  136.6   2.9   4.6e-38  135.4   2.9   1.6   1   1   0   1   1   1   1 
3scp_A               -          A0A089M3E4_9BACL     -            2.5e-38  136.3   3.1   5.7e-38  135.1   3.1   1.6   1   1   0   1   1   1   1 
3scp_B               -          A0A089M3E4_9BACL     -            2.5e-38  136.3   3.1   5.7e-38  135.1   3.1   1.6   1   1   0   1   1   1   1 
3scq_A               -          A0A089M3E4_9BACL     -            2.5e-38  136.3   3.1   5.7e-38  135.1   3.1   1.6   1   1   0   1   1   1   1 
3scq_B               -          A0A089M3E4_9BACL     -            2.5e-38  136.3   3.1   5.7e-38  135.1   3.1   1.6   1   1   0   1   1   1   1 
1cbg_A               -          A0A089M3E4_9BACL     -            2.6e-38  136.3   3.2   4.7e-38  135.4   3.2   1.5   1   1   0   1   1   1   1 
3scn_A               -          A0A089M3E4_9BACL     -              3e-38  136.1   3.2   6.8e-38  134.9   3.2   1.6   1   1   0   1   1   1   1 
3scn_B               -          A0A089M3E4_9BACL     -              3e-38  136.1   3.2   6.8e-38  134.9   3.2   1.6   1   1   0   1   1   1   1 
3sco_A               -          A0A089M3E4_9BACL     -              3e-38  136.1   3.2   6.8e-38  134.9   3.2   1.6   1   1   0   1   1   1   1 
3sco_B               -          A0A089M3E4_9BACL     -              3e-38  136.1   3.2   6.8e-38  134.9   3.2   1.6   1   1   0   1   1   1   1 
3sct_A               -          A0A089M3E4_9BACL     -              3e-38  136.1   3.2   6.8e-38  134.9   3.2   1.6   1   1   0   1   1   1   1 
3sct_B               -          A0A089M3E4_9BACL     -              3e-38  136.1   3.2   6.8e-38  134.9   3.2   1.6   1   1   0   1   1   1   1 
3scu_A               -          A0A089M3E4_9BACL     -              3e-38  136.1   3.2   6.8e-38  134.9   3.2   1.6   1   1   0   1   1   1   1 
3scu_B               -          A0A089M3E4_9BACL     -              3e-38  136.1   3.2   6.8e-38  134.9   3.2   1.6   1   1   0   1   1   1   1 
5dt5_A               -          A0A089M3E4_9BACL     -            6.9e-38  134.9   4.9   1.3e-37  134.0   4.9   1.4   1   1   0   1   1   1   1 
5dt5_B               -          A0A089M3E4_9BACL     -            6.9e-38  134.9   4.9   1.3e-37  134.0   4.9   1.4   1   1   0   1   1   1   1 
5dt5_C               -          A0A089M3E4_9BACL     -            6.9e-38  134.9   4.9   1.3e-37  134.0   4.9   1.4   1   1   0   1   1   1   1 
5dt5_D               -          A0A089M3E4_9BACL     -            6.9e-38  134.9   4.9   1.3e-37  134.0   4.9   1.4   1   1   0   1   1   1   1 
5dt5_E               -          A0A089M3E4_9BACL     -            6.9e-38  134.9   4.9   1.3e-37  134.0   4.9   1.4   1   1   0   1   1   1   1 
5dt5_F               -          A0A089M3E4_9BACL     -            6.9e-38  134.9   4.9   1.3e-37  134.0   4.9   1.4   1   1   0   1   1   1   1 
5dt5_G               -          A0A089M3E4_9BACL     -            6.9e-38  134.9   4.9   1.3e-37  134.0   4.9   1.4   1   1   0   1   1   1   1 
5dt5_H               -          A0A089M3E4_9BACL     -            6.9e-38  134.9   4.9   1.3e-37  134.0   4.9   1.4   1   1   0   1   1   1   1 
5dt7_A               -          A0A089M3E4_9BACL     -            6.9e-38  134.9   4.9   1.3e-37  134.0   4.9   1.4   1   1   0   1   1   1   1 
5dt7_B               -          A0A089M3E4_9BACL     -            6.9e-38  134.9   4.9   1.3e-37  134.0   4.9   1.4   1   1   0   1   1   1   1 
5dt7_C               -          A0A089M3E4_9BACL     -            6.9e-38  134.9   4.9   1.3e-37  134.0   4.9   1.4   1   1   0   1   1   1   1 
5dt7_D               -          A0A089M3E4_9BACL     -            6.9e-38  134.9   4.9   1.3e-37  134.0   4.9   1.4   1   1   0   1   1   1   1 
2e9l_A               -          A0A089M3E4_9BACL     -            1.3e-37  134.0   3.3   3.5e-37  132.6   3.3   1.7   1   1   0   1   1   1   1 
2e9m_A               -          A0A089M3E4_9BACL     -            1.3e-37  134.0   3.3   3.5e-37  132.6   3.3   1.7   1   1   0   1   1   1   1 
2jfe_X               -          A0A089M3E4_9BACL     -            1.5e-37  133.8   3.4   3.9e-37  132.4   3.4   1.7   1   1   0   1   1   1   1 
2zox_A               -          A0A089M3E4_9BACL     -              3e-37  132.8   3.1   8.2e-37  131.3   3.1   1.7   1   1   0   1   1   1   1 
3vkk_A               -          A0A089M3E4_9BACL     -              3e-37  132.8   3.1   8.2e-37  131.3   3.1   1.7   1   1   0   1   1   1   1 
4mdo_A               -          A0A089M3E4_9BACL     -              3e-37  132.7   3.4   7.6e-37  131.4   3.4   1.5   1   1   0   1   1   1   1 
4mdp_A               -          A0A089M3E4_9BACL     -              3e-37  132.7   3.4   7.6e-37  131.4   3.4   1.5   1   1   0   1   1   1   1 
5cg0_A               -          A0A089M3E4_9BACL     -              6e-36  128.5   6.2   2.8e-35  126.3   6.2   1.8   1   1   0   1   1   1   1 
5cg0_B               -          A0A089M3E4_9BACL     -              6e-36  128.5   6.2   2.8e-35  126.3   6.2   1.8   1   1   0   1   1   1   1 
5cg0_C               -          A0A089M3E4_9BACL     -              6e-36  128.5   6.2   2.8e-35  126.3   6.2   1.8   1   1   0   1   1   1   1 
5cg0_D               -          A0A089M3E4_9BACL     -              6e-36  128.5   6.2   2.8e-35  126.3   6.2   1.8   1   1   0   1   1   1   1 
5cg0_E               -          A0A089M3E4_9BACL     -              6e-36  128.5   6.2   2.8e-35  126.3   6.2   1.8   1   1   0   1   1   1   1 
5cg0_F               -          A0A089M3E4_9BACL     -              6e-36  128.5   6.2   2.8e-35  126.3   6.2   1.8   1   1   0   1   1   1   1 
3zj6_A               -          A0A089M3E4_9BACL     -            5.5e-34  122.0   4.4   2.3e-22   83.7   0.6   2.6   2   1   0   2   2   2   2 
3zj6_B               -          A0A089M3E4_9BACL     -            5.5e-34  122.0   4.4   2.3e-22   83.7   0.6   2.6   2   1   0   2   2   2   2 
4a3y_A               -          A0A089M3E4_9BACL     -            5.5e-34  122.0   4.4   2.3e-22   83.7   0.6   2.6   2   1   0   2   2   2   2 
4a3y_B               -          A0A089M3E4_9BACL     -            5.5e-34  122.0   4.4   2.3e-22   83.7   0.6   2.6   2   1   0   2   2   2   2 
4atd_A               -          A0A089M3E4_9BACL     -            1.4e-33  120.7   4.2   2.4e-22   83.6   0.6   2.6   2   1   0   2   2   2   2 
4atd_B               -          A0A089M3E4_9BACL     -            1.4e-33  120.7   4.2   2.4e-22   83.6   0.6   2.6   2   1   0   2   2   2   2 
4atl_A               -          A0A089M3E4_9BACL     -            1.4e-33  120.7   4.2   2.4e-22   83.6   0.6   2.6   2   1   0   2   2   2   2 
4atl_B               -          A0A089M3E4_9BACL     -            1.4e-33  120.7   4.2   2.4e-22   83.6   0.6   2.6   2   1   0   2   2   2   2 
3u57_A               -          A0A089M3E4_9BACL     -            2.5e-33  119.8   4.0   4.2e-22   82.8   0.5   2.6   2   1   0   2   2   2   2 
3u57_B               -          A0A089M3E4_9BACL     -            2.5e-33  119.8   4.0   4.2e-22   82.8   0.5   2.6   2   1   0   2   2   2   2 
3u5u_A               -          A0A089M3E4_9BACL     -            2.5e-33  119.8   4.0   4.2e-22   82.8   0.5   2.6   2   1   0   2   2   2   2 
3u5u_B               -          A0A089M3E4_9BACL     -            2.5e-33  119.8   4.0   4.2e-22   82.8   0.5   2.6   2   1   0   2   2   2   2 
3u5y_A               -          A0A089M3E4_9BACL     -            2.5e-33  119.8   4.0   4.2e-22   82.8   0.5   2.6   2   1   0   2   2   2   2 
3u5y_B               -          A0A089M3E4_9BACL     -            2.5e-33  119.8   4.0   4.2e-22   82.8   0.5   2.6   2   1   0   2   2   2   2 
4ek7_A               -          A0A089M3E4_9BACL     -            2.5e-33  119.8   4.0   4.2e-22   82.8   0.5   2.6   2   1   0   2   2   2   2 
4ek7_B               -          A0A089M3E4_9BACL     -            2.5e-33  119.8   4.0   4.2e-22   82.8   0.5   2.6   2   1   0   2   2   2   2 
1myr_A               -          A0A089M3E4_9BACL     -            5.8e-31  112.0   2.3   6.6e-22   82.2   0.1   2.4   2   1   0   2   2   2   2 
1e4m_M               -          A0A089M3E4_9BACL     -              3e-30  109.7   3.2   1.8e-28  103.8   3.2   2.4   1   1   0   1   1   1   1 
1e6q_M               -          A0A089M3E4_9BACL     -              3e-30  109.7   3.2   1.8e-28  103.8   3.2   2.4   1   1   0   1   1   1   1 
1e6s_M               -          A0A089M3E4_9BACL     -              3e-30  109.7   3.2   1.8e-28  103.8   3.2   2.4   1   1   0   1   1   1   1 
1e6x_M               -          A0A089M3E4_9BACL     -              3e-30  109.7   3.2   1.8e-28  103.8   3.2   2.4   1   1   0   1   1   1   1 
1e70_M               -          A0A089M3E4_9BACL     -              3e-30  109.7   3.2   1.8e-28  103.8   3.2   2.4   1   1   0   1   1   1   1 
1e71_M               -          A0A089M3E4_9BACL     -              3e-30  109.7   3.2   1.8e-28  103.8   3.2   2.4   1   1   0   1   1   1   1 
1e72_M               -          A0A089M3E4_9BACL     -              3e-30  109.7   3.2   1.8e-28  103.8   3.2   2.4   1   1   0   1   1   1   1 
1e73_M               -          A0A089M3E4_9BACL     -              3e-30  109.7   3.2   1.8e-28  103.8   3.2   2.4   1   1   0   1   1   1   1 
1w9b_M               -          A0A089M3E4_9BACL     -              3e-30  109.7   3.2   1.8e-28  103.8   3.2   2.4   1   1   0   1   1   1   1 
1w9d_M               -          A0A089M3E4_9BACL     -              3e-30  109.7   3.2   1.8e-28  103.8   3.2   2.4   1   1   0   1   1   1   1 
2wxd_M               -          A0A089M3E4_9BACL     -              3e-30  109.7   3.2   1.8e-28  103.8   3.2   2.4   1   1   0   1   1   1   1 
1dwa_M               -          A0A089M3E4_9BACL     -            3.6e-30  109.4   3.2   2.1e-28  103.6   3.2   2.4   1   1   0   1   1   1   1 
1dwf_M               -          A0A089M3E4_9BACL     -            3.6e-30  109.4   3.2   2.1e-28  103.6   3.2   2.4   1   1   0   1   1   1   1 
1dwg_M               -          A0A089M3E4_9BACL     -            3.6e-30  109.4   3.2   2.1e-28  103.6   3.2   2.4   1   1   0   1   1   1   1 
1dwh_M               -          A0A089M3E4_9BACL     -            3.6e-30  109.4   3.2   2.1e-28  103.6   3.2   2.4   1   1   0   1   1   1   1 
1dwi_M               -          A0A089M3E4_9BACL     -            3.6e-30  109.4   3.2   2.1e-28  103.6   3.2   2.4   1   1   0   1   1   1   1 
1dwj_M               -          A0A089M3E4_9BACL     -            3.6e-30  109.4   3.2   2.1e-28  103.6   3.2   2.4   1   1   0   1   1   1   1 
4r27_A               -          A0A089M3E4_9BACL     -            9.2e-30  108.1   0.6   2.9e-21   80.1   0.2   3.6   2   1   0   3   3   2   2 
4r27_B               -          A0A089M3E4_9BACL     -            9.2e-30  108.1   0.6   2.9e-21   80.1   0.2   3.6   2   1   0   3   3   2   2 
1vff_A               -          A0A089M3E4_9BACL     -            1.2e-25   94.5   4.0   2.8e-14   57.0   0.4   2.1   2   0   0   2   2   2   2 
3wq8_A               -          A0A089M3E4_9BACL     -            2.9e-14   57.0   3.5   3.3e-09   40.3   0.1   3.1   1   1   2   3   3   3   2 
3wq8_B               -          A0A089M3E4_9BACL     -            2.9e-14   57.0   3.5   3.3e-09   40.3   0.1   3.1   1   1   2   3   3   3   2 
3wq8_C               -          A0A089M3E4_9BACL     -            2.9e-14   57.0   3.5   3.3e-09   40.3   0.1   3.1   1   1   2   3   3   3   2 
3wq8_D               -          A0A089M3E4_9BACL     -            2.9e-14   57.0   3.5   3.3e-09   40.3   0.1   3.1   1   1   2   3   3   3   2 
3wq8_E               -          A0A089M3E4_9BACL     -            2.9e-14   57.0   3.5   3.3e-09   40.3   0.1   3.1   1   1   2   3   3   3   2 
3wq8_F               -          A0A089M3E4_9BACL     -            2.9e-14   57.0   3.5   3.3e-09   40.3   0.1   3.1   1   1   2   3   3   3   2 
3wq8_G               -          A0A089M3E4_9BACL     -            2.9e-14   57.0   3.5   3.3e-09   40.3   0.1   3.1   1   1   2   3   3   3   2 
3wq8_H               -          A0A089M3E4_9BACL     -            2.9e-14   57.0   3.5   3.3e-09   40.3   0.1   3.1   1   1   2   3   3   3   2 
3wq8_I               -          A0A089M3E4_9BACL     -            2.9e-14   57.0   3.5   3.3e-09   40.3   0.1   3.1   1   1   2   3   3   3   2 
3wq8_J               -          A0A089M3E4_9BACL     -            2.9e-14   57.0   3.5   3.3e-09   40.3   0.1   3.1   1   1   2   3   3   3   2 
3wq8_K               -          A0A089M3E4_9BACL     -            2.9e-14   57.0   3.5   3.3e-09   40.3   0.1   3.1   1   1   2   3   3   3   2 
3wq8_L               -          A0A089M3E4_9BACL     -            2.9e-14   57.0   3.5   3.3e-09   40.3   0.1   3.1   1   1   2   3   3   3   2 
3wdp_P               -          A0A089M3E4_9BACL     -            3.7e-14   56.6   3.6   3.7e-09   40.1   0.1   3.1   1   1   2   3   3   3   2 
3wdp_Q               -          A0A089M3E4_9BACL     -            3.7e-14   56.6   3.6   3.7e-09   40.1   0.1   3.1   1   1   2   3   3   3   2 
3wdp_R               -          A0A089M3E4_9BACL     -            3.7e-14   56.6   3.6   3.7e-09   40.1   0.1   3.1   1   1   2   3   3   3   2 
3wdp_S               -          A0A089M3E4_9BACL     -            3.7e-14   56.6   3.6   3.7e-09   40.1   0.1   3.1   1   1   2   3   3   3   2 
3apg_A               -          A0A089M3E4_9BACL     -              4e-14   56.5   3.5   4.2e-09   39.9   0.1   3.1   1   1   1   3   3   3   2 
3apg_B               -          A0A089M3E4_9BACL     -              4e-14   56.5   3.5   4.2e-09   39.9   0.1   3.1   1   1   1   3   3   3   2 
3apg_C               -          A0A089M3E4_9BACL     -              4e-14   56.5   3.5   4.2e-09   39.9   0.1   3.1   1   1   1   3   3   3   2 
3apg_D               -          A0A089M3E4_9BACL     -              4e-14   56.5   3.5   4.2e-09   39.9   0.1   3.1   1   1   1   3   3   3   2 
4eam_A               -          A0A089M3E4_9BACL     -            7.5e-13   52.3   3.4   1.3e-09   41.7   2.6   2.9   2   1   0   2   2   2   1 
4eam_B               -          A0A089M3E4_9BACL     -            7.5e-13   52.3   3.4   1.3e-09   41.7   2.6   2.9   2   1   0   2   2   2   1 
4ean_A               -          A0A089M3E4_9BACL     -            7.5e-13   52.3   3.4   1.3e-09   41.7   2.6   2.9   2   1   0   2   2   2   1 
4ean_B               -          A0A089M3E4_9BACL     -            7.5e-13   52.3   3.4   1.3e-09   41.7   2.6   2.9   2   1   0   2   2   2   1 
5ixe_A               -          A0A089M3E4_9BACL     -            7.5e-13   52.3   3.4   1.3e-09   41.7   2.6   2.9   2   1   0   2   2   2   1 
5ixe_B               -          A0A089M3E4_9BACL     -            7.5e-13   52.3   3.4   1.3e-09   41.7   2.6   2.9   2   1   0   2   2   2   1 
1uwq_A               -          A0A089M3E4_9BACL     -            7.5e-13   52.3   3.4   1.3e-09   41.7   2.6   2.9   2   1   0   2   2   2   1 
1uwq_B               -          A0A089M3E4_9BACL     -            7.5e-13   52.3   3.4   1.3e-09   41.7   2.6   2.9   2   1   0   2   2   2   1 
1uwr_A               -          A0A089M3E4_9BACL     -            7.5e-13   52.3   3.4   1.3e-09   41.7   2.6   2.9   2   1   0   2   2   2   1 
1uwr_B               -          A0A089M3E4_9BACL     -            7.5e-13   52.3   3.4   1.3e-09   41.7   2.6   2.9   2   1   0   2   2   2   1 
1uws_A               -          A0A089M3E4_9BACL     -            7.5e-13   52.3   3.4   1.3e-09   41.7   2.6   2.9   2   1   0   2   2   2   1 
1uws_B               -          A0A089M3E4_9BACL     -            7.5e-13   52.3   3.4   1.3e-09   41.7   2.6   2.9   2   1   0   2   2   2   1 
1uwt_A               -          A0A089M3E4_9BACL     -            7.5e-13   52.3   3.4   1.3e-09   41.7   2.6   2.9   2   1   0   2   2   2   1 
1uwt_B               -          A0A089M3E4_9BACL     -            7.5e-13   52.3   3.4   1.3e-09   41.7   2.6   2.9   2   1   0   2   2   2   1 
1uwu_A               -          A0A089M3E4_9BACL     -            7.5e-13   52.3   3.4   1.3e-09   41.7   2.6   2.9   2   1   0   2   2   2   1 
1uwu_B               -          A0A089M3E4_9BACL     -            7.5e-13   52.3   3.4   1.3e-09   41.7   2.6   2.9   2   1   0   2   2   2   1 
2ceq_A               -          A0A089M3E4_9BACL     -            7.5e-13   52.3   3.4   1.3e-09   41.7   2.6   2.9   2   1   0   2   2   2   1 
2ceq_B               -          A0A089M3E4_9BACL     -            7.5e-13   52.3   3.4   1.3e-09   41.7   2.6   2.9   2   1   0   2   2   2   1 
2cer_A               -          A0A089M3E4_9BACL     -            7.5e-13   52.3   3.4   1.3e-09   41.7   2.6   2.9   2   1   0   2   2   2   1 
2cer_B               -          A0A089M3E4_9BACL     -            7.5e-13   52.3   3.4   1.3e-09   41.7   2.6   2.9   2   1   0   2   2   2   1 
5i3d_A               -          A0A089M3E4_9BACL     -            8.9e-12   48.7   3.7   1.5e-08   38.1   2.9   2.9   2   1   0   2   2   2   1 
5i3d_B               -          A0A089M3E4_9BACL     -            8.9e-12   48.7   3.7   1.5e-08   38.1   2.9   2.9   2   1   0   2   2   2   1 
5i3d_C               -          A0A089M3E4_9BACL     -            8.9e-12   48.7   3.7   1.5e-08   38.1   2.9   2.9   2   1   0   2   2   2   1 
5i3d_D               -          A0A089M3E4_9BACL     -            8.9e-12   48.7   3.7   1.5e-08   38.1   2.9   2.9   2   1   0   2   2   2   1 
4ha3_A               -          A0A089M3E4_9BACL     -            1.8e-11   47.8   2.6   4.9e-09   39.7   1.0   3.1   1   1   1   2   2   2   1 
4ha4_A               -          A0A089M3E4_9BACL     -            1.8e-11   47.8   2.6   4.9e-09   39.7   1.0   3.1   1   1   1   2   2   2   1 
1gow_A               -          A0A089M3E4_9BACL     -            1.9e-10   44.4   3.5   1.4e-08   38.2   2.6   2.9   2   1   0   2   2   2   1 
1gow_B               -          A0A089M3E4_9BACL     -            1.9e-10   44.4   3.5   1.4e-08   38.2   2.6   2.9   2   1   0   2   2   2   1 
1uwi_A               -          A0A089M3E4_9BACL     -              2e-10   44.3   3.4   1.6e-08   38.1   2.5   2.9   2   1   0   2   2   2   1 
1uwi_B               -          A0A089M3E4_9BACL     -              2e-10   44.3   3.4   1.6e-08   38.1   2.5   2.9   2   1   0   2   2   2   1 
1uwi_C               -          A0A089M3E4_9BACL     -              2e-10   44.3   3.4   1.6e-08   38.1   2.5   2.9   2   1   0   2   2   2   1 
1uwi_D               -          A0A089M3E4_9BACL     -              2e-10   44.3   3.4   1.6e-08   38.1   2.5   2.9   2   1   0   2   2   2   1 
1qvb_A               -          A0A089M3E4_9BACL     -            3.4e-09   40.2   1.7   1.5e-06   31.5   2.0   3.0   2   1   0   2   2   2   1 
1qvb_B               -          A0A089M3E4_9BACL     -            3.4e-09   40.2   1.7   1.5e-06   31.5   2.0   3.0   2   1   0   2   2   2   1 
4im4_A               -          A0A089M3E4_9BACL     -              0.016   18.2   0.1      0.96   12.4   0.0   2.1   2   0   0   2   2   2   0 
4im4_B               -          A0A089M3E4_9BACL     -              0.016   18.2   0.1      0.96   12.4   0.0   2.1   2   0   0   2   2   2   0 
4im4_C               -          A0A089M3E4_9BACL     -              0.016   18.2   0.1      0.96   12.4   0.0   2.1   2   0   0   2   2   2   0 
4im4_D               -          A0A089M3E4_9BACL     -              0.016   18.2   0.1      0.96   12.4   0.0   2.1   2   0   0   2   2   2   0 
4im4_E               -          A0A089M3E4_9BACL     -              0.016   18.2   0.1      0.96   12.4   0.0   2.1   2   0   0   2   2   2   0 
4im4_F               -          A0A089M3E4_9BACL     -              0.016   18.2   0.1      0.96   12.4   0.0   2.1   2   0   0   2   2   2   0 
1ss6_A               -          A0A089M3E4_9BACL     -               0.31   14.0   0.0      0.34   13.8   0.0   1.0   1   0   0   1   1   1   0 
2jvk_A               -          A0A089M3E4_9BACL     -                  3   10.7   0.0       3.5   10.5   0.0   1.0   1   0   0   1   1   1   0 
1fsp_A               -          A0A089M3E4_9BACL     -                3.5   10.5   0.0       3.9   10.3   0.0   1.0   1   0   0   1   1   1   0 
1nat_A               -          A0A089M3E4_9BACL     -                3.5   10.5   0.0       3.9   10.3   0.0   1.0   1   0   0   1   1   1   0 
1pux_A               -          A0A089M3E4_9BACL     -                3.5   10.5   0.0       3.9   10.3   0.0   1.0   1   0   0   1   1   1   0 
2fsp_A               -          A0A089M3E4_9BACL     -                3.5   10.5   0.0       3.9   10.3   0.0   1.0   1   0   0   1   1   1   0 
3q15_C               -          A0A089M3E4_9BACL     -                3.6   10.5   0.0       4.1   10.3   0.0   1.0   1   0   0   1   1   1   0 
3q15_D               -          A0A089M3E4_9BACL     -                3.6   10.5   0.0       4.1   10.3   0.0   1.0   1   0   0   1   1   1   0 
2jvi_A               -          A0A089M3E4_9BACL     -                3.6   10.5   0.0       4.1   10.3   0.0   1.0   1   0   0   1   1   1   0 
1f51_E               -          A0A089M3E4_9BACL     -                4.1   10.3   0.0       4.7   10.1   0.0   1.0   1   0   0   1   1   1   0 
1f51_F               -          A0A089M3E4_9BACL     -                4.1   10.3   0.0       4.7   10.1   0.0   1.0   1   0   0   1   1   1   0 
1f51_G               -          A0A089M3E4_9BACL     -                4.1   10.3   0.0       4.7   10.1   0.0   1.0   1   0   0   1   1   1   0 
1f51_H               -          A0A089M3E4_9BACL     -                4.1   10.3   0.0       4.7   10.1   0.0   1.0   1   0   0   1   1   1   0 
#
# Program:         phmmer
# Version:         3.1b2 (February 2015)
# Pipeline mode:   SEARCH
# Query file:      target.fasta
# Target file:     /share/work/alex/local_pdb/sequences/pdb_seqres.txt
# Option settings: phmmer -A aln.fasta --tblout table.out --noali target.fasta /share/work/alex/local_pdb/sequences/pdb_seqres.txt 
# Current dir:     /share/work/alex/bglb_family/pipeline/output_files/800
# Date:            Fri Jun 30 06:08:50 2017
# [ok]
