2jie_A               -          P22505_BGLB_PAEPO    -                  0 1076.5  13.7         0 1076.3  13.7   1.0   1   0   0   1   1   1   1 
2o9p_A               -          P22505_BGLB_PAEPO    -                  0 1069.9  12.9         0 1069.7  12.9   1.0   1   0   0   1   1   1   1 
2o9t_A               -          P22505_BGLB_PAEPO    -                  0 1069.9  12.9         0 1069.7  12.9   1.0   1   0   0   1   1   1   1 
2z1s_A               -          P22505_BGLB_PAEPO    -                  0 1069.9  12.9         0 1069.7  12.9   1.0   1   0   0   1   1   1   1 
2o9r_A               -          P22505_BGLB_PAEPO    -                  0 1066.1  13.6         0 1065.9  13.6   1.0   1   0   0   1   1   1   1 
4ptv_A               -          P22505_BGLB_PAEPO    -             4e-143  482.0   6.5    5e-143  481.7   6.5   1.0   1   0   0   1   1   1   1 
4ptv_B               -          P22505_BGLB_PAEPO    -             4e-143  482.0   6.5    5e-143  481.7   6.5   1.0   1   0   0   1   1   1   1 
4ptw_A               -          P22505_BGLB_PAEPO    -             4e-143  482.0   6.5    5e-143  481.7   6.5   1.0   1   0   0   1   1   1   1 
4ptw_B               -          P22505_BGLB_PAEPO    -             4e-143  482.0   6.5    5e-143  481.7   6.5   1.0   1   0   0   1   1   1   1 
4ptx_A               -          P22505_BGLB_PAEPO    -             4e-143  482.0   6.5    5e-143  481.7   6.5   1.0   1   0   0   1   1   1   1 
4ptx_B               -          P22505_BGLB_PAEPO    -             4e-143  482.0   6.5    5e-143  481.7   6.5   1.0   1   0   0   1   1   1   1 
3ta9_A               -          P22505_BGLB_PAEPO    -           4.9e-143  481.7   6.6  6.5e-143  481.3   6.6   1.0   1   0   0   1   1   1   1 
3ta9_B               -          P22505_BGLB_PAEPO    -           4.9e-143  481.7   6.6  6.5e-143  481.3   6.6   1.0   1   0   0   1   1   1   1 
5dt5_A               -          P22505_BGLB_PAEPO    -           1.8e-137  463.4   8.3  2.2e-137  463.0   8.3   1.0   1   0   0   1   1   1   1 
5dt5_B               -          P22505_BGLB_PAEPO    -           1.8e-137  463.4   8.3  2.2e-137  463.0   8.3   1.0   1   0   0   1   1   1   1 
5dt5_C               -          P22505_BGLB_PAEPO    -           1.8e-137  463.4   8.3  2.2e-137  463.0   8.3   1.0   1   0   0   1   1   1   1 
5dt5_D               -          P22505_BGLB_PAEPO    -           1.8e-137  463.4   8.3  2.2e-137  463.0   8.3   1.0   1   0   0   1   1   1   1 
5dt5_E               -          P22505_BGLB_PAEPO    -           1.8e-137  463.4   8.3  2.2e-137  463.0   8.3   1.0   1   0   0   1   1   1   1 
5dt5_F               -          P22505_BGLB_PAEPO    -           1.8e-137  463.4   8.3  2.2e-137  463.0   8.3   1.0   1   0   0   1   1   1   1 
5dt5_G               -          P22505_BGLB_PAEPO    -           1.8e-137  463.4   8.3  2.2e-137  463.0   8.3   1.0   1   0   0   1   1   1   1 
5dt5_H               -          P22505_BGLB_PAEPO    -           1.8e-137  463.4   8.3  2.2e-137  463.0   8.3   1.0   1   0   0   1   1   1   1 
5dt7_A               -          P22505_BGLB_PAEPO    -           1.8e-137  463.4   8.3  2.2e-137  463.0   8.3   1.0   1   0   0   1   1   1   1 
5dt7_B               -          P22505_BGLB_PAEPO    -           1.8e-137  463.4   8.3  2.2e-137  463.0   8.3   1.0   1   0   0   1   1   1   1 
5dt7_C               -          P22505_BGLB_PAEPO    -           1.8e-137  463.4   8.3  2.2e-137  463.0   8.3   1.0   1   0   0   1   1   1   1 
5dt7_D               -          P22505_BGLB_PAEPO    -           1.8e-137  463.4   8.3  2.2e-137  463.0   8.3   1.0   1   0   0   1   1   1   1 
3ahx_A               -          P22505_BGLB_PAEPO    -           1.2e-136  460.6   4.7  1.5e-136  460.3   4.7   1.0   1   0   0   1   1   1   1 
3ahx_B               -          P22505_BGLB_PAEPO    -           1.2e-136  460.6   4.7  1.5e-136  460.3   4.7   1.0   1   0   0   1   1   1   1 
3ahx_C               -          P22505_BGLB_PAEPO    -           1.2e-136  460.6   4.7  1.5e-136  460.3   4.7   1.0   1   0   0   1   1   1   1 
3ahx_D               -          P22505_BGLB_PAEPO    -           1.2e-136  460.6   4.7  1.5e-136  460.3   4.7   1.0   1   0   0   1   1   1   1 
1uyq_A               -          P22505_BGLB_PAEPO    -           2.9e-134  452.8   9.0  3.2e-134  452.6   9.0   1.0   1   0   0   1   1   1   1 
1bgg_A               -          P22505_BGLB_PAEPO    -           4.7e-134  452.1   8.9  5.3e-134  451.9   8.9   1.0   1   0   0   1   1   1   1 
1bgg_B               -          P22505_BGLB_PAEPO    -           4.7e-134  452.1   8.9  5.3e-134  451.9   8.9   1.0   1   0   0   1   1   1   1 
1bgg_C               -          P22505_BGLB_PAEPO    -           4.7e-134  452.1   8.9  5.3e-134  451.9   8.9   1.0   1   0   0   1   1   1   1 
1bgg_D               -          P22505_BGLB_PAEPO    -           4.7e-134  452.1   8.9  5.3e-134  451.9   8.9   1.0   1   0   0   1   1   1   1 
1bga_A               -          P22505_BGLB_PAEPO    -           5.6e-134  451.8   9.0  6.3e-134  451.7   9.0   1.0   1   0   0   1   1   1   1 
1bga_B               -          P22505_BGLB_PAEPO    -           5.6e-134  451.8   9.0  6.3e-134  451.7   9.0   1.0   1   0   0   1   1   1   1 
1bga_C               -          P22505_BGLB_PAEPO    -           5.6e-134  451.8   9.0  6.3e-134  451.7   9.0   1.0   1   0   0   1   1   1   1 
1bga_D               -          P22505_BGLB_PAEPO    -           5.6e-134  451.8   9.0  6.3e-134  451.7   9.0   1.0   1   0   0   1   1   1   1 
1e4i_A               -          P22505_BGLB_PAEPO    -           5.7e-134  451.8   8.5  6.3e-134  451.6   8.5   1.0   1   0   0   1   1   1   1 
1tr1_A               -          P22505_BGLB_PAEPO    -           1.7e-133  450.3   8.7  1.9e-133  450.1   8.7   1.0   1   0   0   1   1   1   1 
1tr1_B               -          P22505_BGLB_PAEPO    -           1.7e-133  450.3   8.7  1.9e-133  450.1   8.7   1.0   1   0   0   1   1   1   1 
1tr1_C               -          P22505_BGLB_PAEPO    -           1.7e-133  450.3   8.7  1.9e-133  450.1   8.7   1.0   1   0   0   1   1   1   1 
1tr1_D               -          P22505_BGLB_PAEPO    -           1.7e-133  450.3   8.7  1.9e-133  450.1   8.7   1.0   1   0   0   1   1   1   1 
3cmj_A               -          P22505_BGLB_PAEPO    -           4.2e-131  442.3   2.3  5.2e-131  442.0   2.3   1.0   1   0   0   1   1   1   1 
4hz6_A               -          P22505_BGLB_PAEPO    -           4.5e-131  442.2   2.1    5e-131  442.1   2.1   1.0   1   0   0   1   1   1   1 
4hz7_A               -          P22505_BGLB_PAEPO    -           4.5e-131  442.2   2.1    5e-131  442.1   2.1   1.0   1   0   0   1   1   1   1 
4hz8_A               -          P22505_BGLB_PAEPO    -           4.5e-131  442.2   2.1    5e-131  442.1   2.1   1.0   1   0   0   1   1   1   1 
1gnx_A               -          P22505_BGLB_PAEPO    -             4e-130  439.1   1.0  6.8e-129  435.0   1.0   1.9   1   1   0   1   1   1   1 
1gnx_B               -          P22505_BGLB_PAEPO    -             4e-130  439.1   1.0  6.8e-129  435.0   1.0   1.9   1   1   0   1   1   1   1 
1gon_A               -          P22505_BGLB_PAEPO    -             4e-130  439.1   1.0  6.8e-129  435.0   1.0   1.9   1   1   0   1   1   1   1 
1gon_B               -          P22505_BGLB_PAEPO    -             4e-130  439.1   1.0  6.8e-129  435.0   1.0   1.9   1   1   0   1   1   1   1 
1qox_A               -          P22505_BGLB_PAEPO    -           1.5e-127  430.6   9.6  1.9e-127  430.3   9.6   1.0   1   0   0   1   1   1   1 
1qox_B               -          P22505_BGLB_PAEPO    -           1.5e-127  430.6   9.6  1.9e-127  430.3   9.6   1.0   1   0   0   1   1   1   1 
1qox_C               -          P22505_BGLB_PAEPO    -           1.5e-127  430.6   9.6  1.9e-127  430.3   9.6   1.0   1   0   0   1   1   1   1 
1qox_D               -          P22505_BGLB_PAEPO    -           1.5e-127  430.6   9.6  1.9e-127  430.3   9.6   1.0   1   0   0   1   1   1   1 
1qox_E               -          P22505_BGLB_PAEPO    -           1.5e-127  430.6   9.6  1.9e-127  430.3   9.6   1.0   1   0   0   1   1   1   1 
1qox_F               -          P22505_BGLB_PAEPO    -           1.5e-127  430.6   9.6  1.9e-127  430.3   9.6   1.0   1   0   0   1   1   1   1 
1qox_G               -          P22505_BGLB_PAEPO    -           1.5e-127  430.6   9.6  1.9e-127  430.3   9.6   1.0   1   0   0   1   1   1   1 
1qox_H               -          P22505_BGLB_PAEPO    -           1.5e-127  430.6   9.6  1.9e-127  430.3   9.6   1.0   1   0   0   1   1   1   1 
1qox_I               -          P22505_BGLB_PAEPO    -           1.5e-127  430.6   9.6  1.9e-127  430.3   9.6   1.0   1   0   0   1   1   1   1 
1qox_J               -          P22505_BGLB_PAEPO    -           1.5e-127  430.6   9.6  1.9e-127  430.3   9.6   1.0   1   0   0   1   1   1   1 
1qox_K               -          P22505_BGLB_PAEPO    -           1.5e-127  430.6   9.6  1.9e-127  430.3   9.6   1.0   1   0   0   1   1   1   1 
1qox_L               -          P22505_BGLB_PAEPO    -           1.5e-127  430.6   9.6  1.9e-127  430.3   9.6   1.0   1   0   0   1   1   1   1 
1qox_M               -          P22505_BGLB_PAEPO    -           1.5e-127  430.6   9.6  1.9e-127  430.3   9.6   1.0   1   0   0   1   1   1   1 
1qox_N               -          P22505_BGLB_PAEPO    -           1.5e-127  430.6   9.6  1.9e-127  430.3   9.6   1.0   1   0   0   1   1   1   1 
1qox_O               -          P22505_BGLB_PAEPO    -           1.5e-127  430.6   9.6  1.9e-127  430.3   9.6   1.0   1   0   0   1   1   1   1 
1qox_P               -          P22505_BGLB_PAEPO    -           1.5e-127  430.6   9.6  1.9e-127  430.3   9.6   1.0   1   0   0   1   1   1   1 
3wh5_A               -          P22505_BGLB_PAEPO    -           7.1e-127  428.4   1.1  8.9e-127  428.1   1.1   1.0   1   0   0   1   1   1   1 
3wh6_A               -          P22505_BGLB_PAEPO    -           7.1e-127  428.4   1.1  8.9e-127  428.1   1.1   1.0   1   0   0   1   1   1   1 
3wh7_A               -          P22505_BGLB_PAEPO    -           7.1e-127  428.4   1.1  8.9e-127  428.1   1.1   1.0   1   0   0   1   1   1   1 
3wh8_A               -          P22505_BGLB_PAEPO    -           7.1e-127  428.4   1.1  8.9e-127  428.1   1.1   1.0   1   0   0   1   1   1   1 
5ayi_A               -          P22505_BGLB_PAEPO    -           4.9e-126  425.6   1.1  6.1e-126  425.3   1.1   1.0   1   0   0   1   1   1   1 
5ayb_A               -          P22505_BGLB_PAEPO    -           5.3e-126  425.5   1.2  6.5e-126  425.2   1.2   1.0   1   0   0   1   1   1   1 
1np2_A               -          P22505_BGLB_PAEPO    -           1.5e-124  420.7   0.7    2e-124  420.3   0.7   1.0   1   0   0   1   1   1   1 
1np2_B               -          P22505_BGLB_PAEPO    -           1.5e-124  420.7   0.7    2e-124  420.3   0.7   1.0   1   0   0   1   1   1   1 
3w53_A               -          P22505_BGLB_PAEPO    -           4.3e-123  415.9   4.2   1.1e-85  292.6   2.7   2.0   2   0   0   2   2   2   2 
1ug6_A               -          P22505_BGLB_PAEPO    -           1.1e-121  411.3   0.5  1.4e-121  410.9   0.5   1.0   1   0   0   1   1   1   1 
5gnz_A               -          P22505_BGLB_PAEPO    -           2.6e-121  410.0   8.2  3.2e-121  409.8   8.2   1.0   1   0   0   1   1   1   1 
5gnz_B               -          P22505_BGLB_PAEPO    -           2.6e-121  410.0   8.2  3.2e-121  409.8   8.2   1.0   1   0   0   1   1   1   1 
5gnz_C               -          P22505_BGLB_PAEPO    -           2.6e-121  410.0   8.2  3.2e-121  409.8   8.2   1.0   1   0   0   1   1   1   1 
5gnz_D               -          P22505_BGLB_PAEPO    -           2.6e-121  410.0   8.2  3.2e-121  409.8   8.2   1.0   1   0   0   1   1   1   1 
5gnz_H               -          P22505_BGLB_PAEPO    -           2.6e-121  410.0   8.2  3.2e-121  409.8   8.2   1.0   1   0   0   1   1   1   1 
5gnz_I               -          P22505_BGLB_PAEPO    -           2.6e-121  410.0   8.2  3.2e-121  409.8   8.2   1.0   1   0   0   1   1   1   1 
5gnz_J               -          P22505_BGLB_PAEPO    -           2.6e-121  410.0   8.2  3.2e-121  409.8   8.2   1.0   1   0   0   1   1   1   1 
5gnz_K               -          P22505_BGLB_PAEPO    -           2.6e-121  410.0   8.2  3.2e-121  409.8   8.2   1.0   1   0   0   1   1   1   1 
4bce_A               -          P22505_BGLB_PAEPO    -           3.8e-120  406.2   0.5    5e-120  405.8   0.5   1.0   1   0   0   1   1   1   1 
4bce_B               -          P22505_BGLB_PAEPO    -           3.8e-120  406.2   0.5    5e-120  405.8   0.5   1.0   1   0   0   1   1   1   1 
4bce_C               -          P22505_BGLB_PAEPO    -           3.8e-120  406.2   0.5    5e-120  405.8   0.5   1.0   1   0   0   1   1   1   1 
3zjk_A               -          P22505_BGLB_PAEPO    -           6.7e-120  405.4   0.4  8.9e-120  405.0   0.4   1.0   1   0   0   1   1   1   1 
3zjk_B               -          P22505_BGLB_PAEPO    -           6.7e-120  405.4   0.4  8.9e-120  405.0   0.4   1.0   1   0   0   1   1   1   1 
3zjk_C               -          P22505_BGLB_PAEPO    -           6.7e-120  405.4   0.4  8.9e-120  405.0   0.4   1.0   1   0   0   1   1   1   1 
5gny_A               -          P22505_BGLB_PAEPO    -           5.5e-119  402.4   8.1  6.6e-119  402.1   8.1   1.0   1   0   0   1   1   1   1 
5gny_B               -          P22505_BGLB_PAEPO    -           5.5e-119  402.4   8.1  6.6e-119  402.1   8.1   1.0   1   0   0   1   1   1   1 
5gny_C               -          P22505_BGLB_PAEPO    -           5.5e-119  402.4   8.1  6.6e-119  402.1   8.1   1.0   1   0   0   1   1   1   1 
5gny_D               -          P22505_BGLB_PAEPO    -           5.5e-119  402.4   8.1  6.6e-119  402.1   8.1   1.0   1   0   0   1   1   1   1 
5gnx_A               -          P22505_BGLB_PAEPO    -           1.3e-118  401.2   7.9  1.5e-118  400.9   7.9   1.0   1   0   0   1   1   1   1 
5gnx_B               -          P22505_BGLB_PAEPO    -           1.3e-118  401.2   7.9  1.5e-118  400.9   7.9   1.0   1   0   0   1   1   1   1 
1od0_A               -          P22505_BGLB_PAEPO    -           5.6e-118  399.0   6.6  6.4e-118  398.9   6.6   1.0   1   0   0   1   1   1   1 
1od0_B               -          P22505_BGLB_PAEPO    -           5.6e-118  399.0   6.6  6.4e-118  398.9   6.6   1.0   1   0   0   1   1   1   1 
1oif_A               -          P22505_BGLB_PAEPO    -           5.6e-118  399.0   6.6  6.4e-118  398.9   6.6   1.0   1   0   0   1   1   1   1 
1oif_B               -          P22505_BGLB_PAEPO    -           5.6e-118  399.0   6.6  6.4e-118  398.9   6.6   1.0   1   0   0   1   1   1   1 
1oim_A               -          P22505_BGLB_PAEPO    -           5.6e-118  399.0   6.6  6.4e-118  398.9   6.6   1.0   1   0   0   1   1   1   1 
1oim_B               -          P22505_BGLB_PAEPO    -           5.6e-118  399.0   6.6  6.4e-118  398.9   6.6   1.0   1   0   0   1   1   1   1 
1oin_A               -          P22505_BGLB_PAEPO    -           5.6e-118  399.0   6.6  6.4e-118  398.9   6.6   1.0   1   0   0   1   1   1   1 
1oin_B               -          P22505_BGLB_PAEPO    -           5.6e-118  399.0   6.6  6.4e-118  398.9   6.6   1.0   1   0   0   1   1   1   1 
1uz1_A               -          P22505_BGLB_PAEPO    -           5.6e-118  399.0   6.6  6.4e-118  398.9   6.6   1.0   1   0   0   1   1   1   1 
1uz1_B               -          P22505_BGLB_PAEPO    -           5.6e-118  399.0   6.6  6.4e-118  398.9   6.6   1.0   1   0   0   1   1   1   1 
1w3j_A               -          P22505_BGLB_PAEPO    -           5.6e-118  399.0   6.6  6.4e-118  398.9   6.6   1.0   1   0   0   1   1   1   1 
1w3j_B               -          P22505_BGLB_PAEPO    -           5.6e-118  399.0   6.6  6.4e-118  398.9   6.6   1.0   1   0   0   1   1   1   1 
2cbu_A               -          P22505_BGLB_PAEPO    -           5.6e-118  399.0   6.6  6.4e-118  398.9   6.6   1.0   1   0   0   1   1   1   1 
2cbu_B               -          P22505_BGLB_PAEPO    -           5.6e-118  399.0   6.6  6.4e-118  398.9   6.6   1.0   1   0   0   1   1   1   1 
2cbv_A               -          P22505_BGLB_PAEPO    -           5.6e-118  399.0   6.6  6.4e-118  398.9   6.6   1.0   1   0   0   1   1   1   1 
2cbv_B               -          P22505_BGLB_PAEPO    -           5.6e-118  399.0   6.6  6.4e-118  398.9   6.6   1.0   1   0   0   1   1   1   1 
2ces_A               -          P22505_BGLB_PAEPO    -           5.6e-118  399.0   6.6  6.4e-118  398.9   6.6   1.0   1   0   0   1   1   1   1 
2ces_B               -          P22505_BGLB_PAEPO    -           5.6e-118  399.0   6.6  6.4e-118  398.9   6.6   1.0   1   0   0   1   1   1   1 
2cet_A               -          P22505_BGLB_PAEPO    -           5.6e-118  399.0   6.6  6.4e-118  398.9   6.6   1.0   1   0   0   1   1   1   1 
2cet_B               -          P22505_BGLB_PAEPO    -           5.6e-118  399.0   6.6  6.4e-118  398.9   6.6   1.0   1   0   0   1   1   1   1 
2j75_A               -          P22505_BGLB_PAEPO    -           5.6e-118  399.0   6.6  6.4e-118  398.9   6.6   1.0   1   0   0   1   1   1   1 
2j75_B               -          P22505_BGLB_PAEPO    -           5.6e-118  399.0   6.6  6.4e-118  398.9   6.6   1.0   1   0   0   1   1   1   1 
2j77_A               -          P22505_BGLB_PAEPO    -           5.6e-118  399.0   6.6  6.4e-118  398.9   6.6   1.0   1   0   0   1   1   1   1 
2j77_B               -          P22505_BGLB_PAEPO    -           5.6e-118  399.0   6.6  6.4e-118  398.9   6.6   1.0   1   0   0   1   1   1   1 
2j78_A               -          P22505_BGLB_PAEPO    -           5.6e-118  399.0   6.6  6.4e-118  398.9   6.6   1.0   1   0   0   1   1   1   1 
2j78_B               -          P22505_BGLB_PAEPO    -           5.6e-118  399.0   6.6  6.4e-118  398.9   6.6   1.0   1   0   0   1   1   1   1 
2j79_A               -          P22505_BGLB_PAEPO    -           5.6e-118  399.0   6.6  6.4e-118  398.9   6.6   1.0   1   0   0   1   1   1   1 
2j79_B               -          P22505_BGLB_PAEPO    -           5.6e-118  399.0   6.6  6.4e-118  398.9   6.6   1.0   1   0   0   1   1   1   1 
2j7b_A               -          P22505_BGLB_PAEPO    -           5.6e-118  399.0   6.6  6.4e-118  398.9   6.6   1.0   1   0   0   1   1   1   1 
2j7b_B               -          P22505_BGLB_PAEPO    -           5.6e-118  399.0   6.6  6.4e-118  398.9   6.6   1.0   1   0   0   1   1   1   1 
2j7c_A               -          P22505_BGLB_PAEPO    -           5.6e-118  399.0   6.6  6.4e-118  398.9   6.6   1.0   1   0   0   1   1   1   1 
2j7c_B               -          P22505_BGLB_PAEPO    -           5.6e-118  399.0   6.6  6.4e-118  398.9   6.6   1.0   1   0   0   1   1   1   1 
2j7d_A               -          P22505_BGLB_PAEPO    -           5.6e-118  399.0   6.6  6.4e-118  398.9   6.6   1.0   1   0   0   1   1   1   1 
2j7d_B               -          P22505_BGLB_PAEPO    -           5.6e-118  399.0   6.6  6.4e-118  398.9   6.6   1.0   1   0   0   1   1   1   1 
2j7e_A               -          P22505_BGLB_PAEPO    -           5.6e-118  399.0   6.6  6.4e-118  398.9   6.6   1.0   1   0   0   1   1   1   1 
2j7e_B               -          P22505_BGLB_PAEPO    -           5.6e-118  399.0   6.6  6.4e-118  398.9   6.6   1.0   1   0   0   1   1   1   1 
2j7f_A               -          P22505_BGLB_PAEPO    -           5.6e-118  399.0   6.6  6.4e-118  398.9   6.6   1.0   1   0   0   1   1   1   1 
2j7f_B               -          P22505_BGLB_PAEPO    -           5.6e-118  399.0   6.6  6.4e-118  398.9   6.6   1.0   1   0   0   1   1   1   1 
2j7g_A               -          P22505_BGLB_PAEPO    -           5.6e-118  399.0   6.6  6.4e-118  398.9   6.6   1.0   1   0   0   1   1   1   1 
2j7g_B               -          P22505_BGLB_PAEPO    -           5.6e-118  399.0   6.6  6.4e-118  398.9   6.6   1.0   1   0   0   1   1   1   1 
2j7h_A               -          P22505_BGLB_PAEPO    -           5.6e-118  399.0   6.6  6.4e-118  398.9   6.6   1.0   1   0   0   1   1   1   1 
2j7h_B               -          P22505_BGLB_PAEPO    -           5.6e-118  399.0   6.6  6.4e-118  398.9   6.6   1.0   1   0   0   1   1   1   1 
2jal_A               -          P22505_BGLB_PAEPO    -           5.6e-118  399.0   6.6  6.4e-118  398.9   6.6   1.0   1   0   0   1   1   1   1 
2jal_B               -          P22505_BGLB_PAEPO    -           5.6e-118  399.0   6.6  6.4e-118  398.9   6.6   1.0   1   0   0   1   1   1   1 
2vrj_A               -          P22505_BGLB_PAEPO    -           5.6e-118  399.0   6.6  6.4e-118  398.9   6.6   1.0   1   0   0   1   1   1   1 
2vrj_B               -          P22505_BGLB_PAEPO    -           5.6e-118  399.0   6.6  6.4e-118  398.9   6.6   1.0   1   0   0   1   1   1   1 
2wbg_A               -          P22505_BGLB_PAEPO    -           5.6e-118  399.0   6.6  6.4e-118  398.9   6.6   1.0   1   0   0   1   1   1   1 
2wbg_B               -          P22505_BGLB_PAEPO    -           5.6e-118  399.0   6.6  6.4e-118  398.9   6.6   1.0   1   0   0   1   1   1   1 
2wbg_C               -          P22505_BGLB_PAEPO    -           5.6e-118  399.0   6.6  6.4e-118  398.9   6.6   1.0   1   0   0   1   1   1   1 
2wbg_D               -          P22505_BGLB_PAEPO    -           5.6e-118  399.0   6.6  6.4e-118  398.9   6.6   1.0   1   0   0   1   1   1   1 
2wc3_A               -          P22505_BGLB_PAEPO    -           5.6e-118  399.0   6.6  6.4e-118  398.9   6.6   1.0   1   0   0   1   1   1   1 
2wc3_B               -          P22505_BGLB_PAEPO    -           5.6e-118  399.0   6.6  6.4e-118  398.9   6.6   1.0   1   0   0   1   1   1   1 
2wc3_C               -          P22505_BGLB_PAEPO    -           5.6e-118  399.0   6.6  6.4e-118  398.9   6.6   1.0   1   0   0   1   1   1   1 
2wc3_D               -          P22505_BGLB_PAEPO    -           5.6e-118  399.0   6.6  6.4e-118  398.9   6.6   1.0   1   0   0   1   1   1   1 
2wc4_A               -          P22505_BGLB_PAEPO    -           5.6e-118  399.0   6.6  6.4e-118  398.9   6.6   1.0   1   0   0   1   1   1   1 
2wc4_B               -          P22505_BGLB_PAEPO    -           5.6e-118  399.0   6.6  6.4e-118  398.9   6.6   1.0   1   0   0   1   1   1   1 
2wc4_C               -          P22505_BGLB_PAEPO    -           5.6e-118  399.0   6.6  6.4e-118  398.9   6.6   1.0   1   0   0   1   1   1   1 
2wc4_D               -          P22505_BGLB_PAEPO    -           5.6e-118  399.0   6.6  6.4e-118  398.9   6.6   1.0   1   0   0   1   1   1   1 
5n6s_A               -          P22505_BGLB_PAEPO    -           5.6e-118  399.0   6.6  6.4e-118  398.9   6.6   1.0   1   0   0   1   1   1   1 
5n6s_B               -          P22505_BGLB_PAEPO    -           5.6e-118  399.0   6.6  6.4e-118  398.9   6.6   1.0   1   0   0   1   1   1   1 
5n6s_C               -          P22505_BGLB_PAEPO    -           5.6e-118  399.0   6.6  6.4e-118  398.9   6.6   1.0   1   0   0   1   1   1   1 
5n6s_D               -          P22505_BGLB_PAEPO    -           5.6e-118  399.0   6.6  6.4e-118  398.9   6.6   1.0   1   0   0   1   1   1   1 
5n6t_A               -          P22505_BGLB_PAEPO    -           5.6e-118  399.0   6.6  6.4e-118  398.9   6.6   1.0   1   0   0   1   1   1   1 
5n6t_B               -          P22505_BGLB_PAEPO    -           5.6e-118  399.0   6.6  6.4e-118  398.9   6.6   1.0   1   0   0   1   1   1   1 
5idi_A               -          P22505_BGLB_PAEPO    -           7.6e-112  378.8   8.8  9.3e-112  378.5   8.8   1.0   1   0   0   1   1   1   1 
5idi_B               -          P22505_BGLB_PAEPO    -           7.6e-112  378.8   8.8  9.3e-112  378.5   8.8   1.0   1   0   0   1   1   1   1 
4gxp_A               -          P22505_BGLB_PAEPO    -           5.9e-107  362.7   4.2    8e-107  362.3   4.2   1.1   1   0   0   1   1   1   1 
4gxp_B               -          P22505_BGLB_PAEPO    -           5.9e-107  362.7   4.2    8e-107  362.3   4.2   1.1   1   0   0   1   1   1   1 
4gxp_C               -          P22505_BGLB_PAEPO    -           5.9e-107  362.7   4.2    8e-107  362.3   4.2   1.1   1   0   0   1   1   1   1 
2e3z_A               -          P22505_BGLB_PAEPO    -             3e-100  340.6   7.4  3.9e-100  340.2   7.4   1.0   1   0   0   1   1   1   1 
2e3z_B               -          P22505_BGLB_PAEPO    -             3e-100  340.6   7.4  3.9e-100  340.2   7.4   1.0   1   0   0   1   1   1   1 
2e40_A               -          P22505_BGLB_PAEPO    -             3e-100  340.6   7.4  3.9e-100  340.2   7.4   1.0   1   0   0   1   1   1   1 
2e40_B               -          P22505_BGLB_PAEPO    -             3e-100  340.6   7.4  3.9e-100  340.2   7.4   1.0   1   0   0   1   1   1   1 
3zj6_A               -          P22505_BGLB_PAEPO    -            1.7e-89  305.1   6.8   8.8e-52  180.7   1.2   2.5   2   1   0   2   2   2   2 
3zj6_B               -          P22505_BGLB_PAEPO    -            1.7e-89  305.1   6.8   8.8e-52  180.7   1.2   2.5   2   1   0   2   2   2   2 
4a3y_A               -          P22505_BGLB_PAEPO    -            1.7e-89  305.1   6.8   8.8e-52  180.7   1.2   2.5   2   1   0   2   2   2   2 
4a3y_B               -          P22505_BGLB_PAEPO    -            1.7e-89  305.1   6.8   8.8e-52  180.7   1.2   2.5   2   1   0   2   2   2   2 
4atd_A               -          P22505_BGLB_PAEPO    -            2.9e-89  304.4   6.6   7.9e-52  180.9   1.2   2.5   2   1   0   2   2   2   2 
4atd_B               -          P22505_BGLB_PAEPO    -            2.9e-89  304.4   6.6   7.9e-52  180.9   1.2   2.5   2   1   0   2   2   2   2 
4atl_A               -          P22505_BGLB_PAEPO    -            2.9e-89  304.4   6.6   7.9e-52  180.9   1.2   2.5   2   1   0   2   2   2   2 
4atl_B               -          P22505_BGLB_PAEPO    -            2.9e-89  304.4   6.6   7.9e-52  180.9   1.2   2.5   2   1   0   2   2   2   2 
2rgl_A               -          P22505_BGLB_PAEPO    -            2.9e-89  304.4   1.0   6.1e-89  303.3   1.0   1.5   1   1   0   1   1   1   1 
2rgl_B               -          P22505_BGLB_PAEPO    -            2.9e-89  304.4   1.0   6.1e-89  303.3   1.0   1.5   1   1   0   1   1   1   1 
2rgm_A               -          P22505_BGLB_PAEPO    -            2.9e-89  304.4   1.0   6.1e-89  303.3   1.0   1.5   1   1   0   1   1   1   1 
2rgm_B               -          P22505_BGLB_PAEPO    -            2.9e-89  304.4   1.0   6.1e-89  303.3   1.0   1.5   1   1   0   1   1   1   1 
4qll_A               -          P22505_BGLB_PAEPO    -            4.9e-89  303.6   0.8     1e-88  302.5   0.8   1.5   1   1   0   1   1   1   1 
4qll_B               -          P22505_BGLB_PAEPO    -            4.9e-89  303.6   0.8     1e-88  302.5   0.8   1.5   1   1   0   1   1   1   1 
4qlk_A               -          P22505_BGLB_PAEPO    -            6.7e-89  303.1   0.8   1.4e-88  302.1   0.8   1.5   1   1   0   1   1   1   1 
4qlk_B               -          P22505_BGLB_PAEPO    -            6.7e-89  303.1   0.8   1.4e-88  302.1   0.8   1.5   1   1   0   1   1   1   1 
3u57_A               -          P22505_BGLB_PAEPO    -            6.9e-89  303.1   6.4     2e-51  179.6   1.1   2.5   2   1   0   2   2   2   2 
3u57_B               -          P22505_BGLB_PAEPO    -            6.9e-89  303.1   6.4     2e-51  179.6   1.1   2.5   2   1   0   2   2   2   2 
3u5u_A               -          P22505_BGLB_PAEPO    -            6.9e-89  303.1   6.4     2e-51  179.6   1.1   2.5   2   1   0   2   2   2   2 
3u5u_B               -          P22505_BGLB_PAEPO    -            6.9e-89  303.1   6.4     2e-51  179.6   1.1   2.5   2   1   0   2   2   2   2 
3u5y_A               -          P22505_BGLB_PAEPO    -            6.9e-89  303.1   6.4     2e-51  179.6   1.1   2.5   2   1   0   2   2   2   2 
3u5y_B               -          P22505_BGLB_PAEPO    -            6.9e-89  303.1   6.4     2e-51  179.6   1.1   2.5   2   1   0   2   2   2   2 
4ek7_A               -          P22505_BGLB_PAEPO    -            6.9e-89  303.1   6.4     2e-51  179.6   1.1   2.5   2   1   0   2   2   2   2 
4ek7_B               -          P22505_BGLB_PAEPO    -            6.9e-89  303.1   6.4     2e-51  179.6   1.1   2.5   2   1   0   2   2   2   2 
3aht_A               -          P22505_BGLB_PAEPO    -            7.1e-89  303.1   0.9   1.5e-88  302.0   0.9   1.5   1   1   0   1   1   1   1 
3aht_B               -          P22505_BGLB_PAEPO    -            7.1e-89  303.1   0.9   1.5e-88  302.0   0.9   1.5   1   1   0   1   1   1   1 
3ahv_A               -          P22505_BGLB_PAEPO    -            7.1e-89  303.1   0.9   1.5e-88  302.0   0.9   1.5   1   1   0   1   1   1   1 
3ahv_B               -          P22505_BGLB_PAEPO    -            7.1e-89  303.1   0.9   1.5e-88  302.0   0.9   1.5   1   1   0   1   1   1   1 
3f4v_A               -          P22505_BGLB_PAEPO    -            7.1e-89  303.1   0.9   1.5e-88  302.0   0.9   1.5   1   1   0   1   1   1   1 
3f4v_B               -          P22505_BGLB_PAEPO    -            7.1e-89  303.1   0.9   1.5e-88  302.0   0.9   1.5   1   1   0   1   1   1   1 
3f5j_A               -          P22505_BGLB_PAEPO    -            7.1e-89  303.1   0.9   1.5e-88  302.0   0.9   1.5   1   1   0   1   1   1   1 
3f5j_B               -          P22505_BGLB_PAEPO    -            7.1e-89  303.1   0.9   1.5e-88  302.0   0.9   1.5   1   1   0   1   1   1   1 
3f5k_A               -          P22505_BGLB_PAEPO    -            7.1e-89  303.1   0.9   1.5e-88  302.0   0.9   1.5   1   1   0   1   1   1   1 
3f5k_B               -          P22505_BGLB_PAEPO    -            7.1e-89  303.1   0.9   1.5e-88  302.0   0.9   1.5   1   1   0   1   1   1   1 
3f5l_A               -          P22505_BGLB_PAEPO    -            7.1e-89  303.1   0.9   1.5e-88  302.0   0.9   1.5   1   1   0   1   1   1   1 
3f5l_B               -          P22505_BGLB_PAEPO    -            7.1e-89  303.1   0.9   1.5e-88  302.0   0.9   1.5   1   1   0   1   1   1   1 
3ahy_A               -          P22505_BGLB_PAEPO    -              1e-88  302.6   1.6   1.6e-88  301.9   1.6   1.2   1   0   0   1   1   1   1 
3ahy_B               -          P22505_BGLB_PAEPO    -              1e-88  302.6   1.6   1.6e-88  301.9   1.6   1.2   1   0   0   1   1   1   1 
3ahy_C               -          P22505_BGLB_PAEPO    -              1e-88  302.6   1.6   1.6e-88  301.9   1.6   1.2   1   0   0   1   1   1   1 
3ahy_D               -          P22505_BGLB_PAEPO    -              1e-88  302.6   1.6   1.6e-88  301.9   1.6   1.2   1   0   0   1   1   1   1 
3scr_A               -          P22505_BGLB_PAEPO    -            1.3e-88  302.2   0.9   2.8e-88  301.1   0.9   1.5   1   1   0   1   1   1   1 
3scr_B               -          P22505_BGLB_PAEPO    -            1.3e-88  302.2   0.9   2.8e-88  301.1   0.9   1.5   1   1   0   1   1   1   1 
3scs_A               -          P22505_BGLB_PAEPO    -            1.3e-88  302.2   0.9   2.8e-88  301.1   0.9   1.5   1   1   0   1   1   1   1 
3scs_B               -          P22505_BGLB_PAEPO    -            1.3e-88  302.2   0.9   2.8e-88  301.1   0.9   1.5   1   1   0   1   1   1   1 
3scv_A               -          P22505_BGLB_PAEPO    -            1.7e-88  301.8   0.9     3e-88  301.0   0.9   1.3   1   1   0   1   1   1   1 
3scv_B               -          P22505_BGLB_PAEPO    -            1.7e-88  301.8   0.9     3e-88  301.0   0.9   1.3   1   1   0   1   1   1   1 
3scp_A               -          P22505_BGLB_PAEPO    -            1.8e-88  301.8   0.9   3.8e-88  300.7   0.9   1.5   1   1   0   1   1   1   1 
3scp_B               -          P22505_BGLB_PAEPO    -            1.8e-88  301.8   0.9   3.8e-88  300.7   0.9   1.5   1   1   0   1   1   1   1 
3scq_A               -          P22505_BGLB_PAEPO    -            1.8e-88  301.8   0.9   3.8e-88  300.7   0.9   1.5   1   1   0   1   1   1   1 
3scq_B               -          P22505_BGLB_PAEPO    -            1.8e-88  301.8   0.9   3.8e-88  300.7   0.9   1.5   1   1   0   1   1   1   1 
4qlj_A               -          P22505_BGLB_PAEPO    -            1.9e-88  301.7   0.9     4e-88  300.6   0.9   1.5   1   1   0   1   1   1   1 
4qlj_B               -          P22505_BGLB_PAEPO    -            1.9e-88  301.7   0.9     4e-88  300.6   0.9   1.5   1   1   0   1   1   1   1 
3scw_A               -          P22505_BGLB_PAEPO    -            2.6e-88  301.2   0.9   5.5e-88  300.1   0.9   1.5   1   1   0   1   1   1   1 
3scw_B               -          P22505_BGLB_PAEPO    -            2.6e-88  301.2   0.9   5.5e-88  300.1   0.9   1.5   1   1   0   1   1   1   1 
3scn_A               -          P22505_BGLB_PAEPO    -            2.7e-88  301.2   1.0   5.7e-88  300.1   1.0   1.5   1   1   0   1   1   1   1 
3scn_B               -          P22505_BGLB_PAEPO    -            2.7e-88  301.2   1.0   5.7e-88  300.1   1.0   1.5   1   1   0   1   1   1   1 
3sco_A               -          P22505_BGLB_PAEPO    -            2.7e-88  301.2   1.0   5.7e-88  300.1   1.0   1.5   1   1   0   1   1   1   1 
3sco_B               -          P22505_BGLB_PAEPO    -            2.7e-88  301.2   1.0   5.7e-88  300.1   1.0   1.5   1   1   0   1   1   1   1 
3sct_A               -          P22505_BGLB_PAEPO    -            2.7e-88  301.2   1.0   5.7e-88  300.1   1.0   1.5   1   1   0   1   1   1   1 
3sct_B               -          P22505_BGLB_PAEPO    -            2.7e-88  301.2   1.0   5.7e-88  300.1   1.0   1.5   1   1   0   1   1   1   1 
3scu_A               -          P22505_BGLB_PAEPO    -            2.7e-88  301.2   1.0   5.7e-88  300.1   1.0   1.5   1   1   0   1   1   1   1 
3scu_B               -          P22505_BGLB_PAEPO    -            2.7e-88  301.2   1.0   5.7e-88  300.1   1.0   1.5   1   1   0   1   1   1   1 
4mdo_A               -          P22505_BGLB_PAEPO    -            2.7e-88  301.1   1.8   5.5e-88  300.1   1.8   1.4   1   1   0   1   1   1   1 
4mdp_A               -          P22505_BGLB_PAEPO    -            2.7e-88  301.1   1.8   5.5e-88  300.1   1.8   1.4   1   1   0   1   1   1   1 
2jf6_A               -          P22505_BGLB_PAEPO    -            4.9e-88  300.3   4.9   7.8e-88  299.6   4.9   1.1   1   0   0   1   1   1   1 
2jf6_B               -          P22505_BGLB_PAEPO    -            4.9e-88  300.3   4.9   7.8e-88  299.6   4.9   1.1   1   0   0   1   1   1   1 
2jf7_A               -          P22505_BGLB_PAEPO    -            4.9e-88  300.3   4.9   7.8e-88  299.6   4.9   1.1   1   0   0   1   1   1   1 
2jf7_B               -          P22505_BGLB_PAEPO    -            4.9e-88  300.3   4.9   7.8e-88  299.6   4.9   1.1   1   0   0   1   1   1   1 
3zj7_A               -          P22505_BGLB_PAEPO    -            4.9e-88  300.3   4.9   7.8e-88  299.6   4.9   1.1   1   0   0   1   1   1   1 
3zj7_B               -          P22505_BGLB_PAEPO    -            4.9e-88  300.3   4.9   7.8e-88  299.6   4.9   1.1   1   0   0   1   1   1   1 
3zj8_A               -          P22505_BGLB_PAEPO    -            4.9e-88  300.3   4.9   7.8e-88  299.6   4.9   1.1   1   0   0   1   1   1   1 
3zj8_B               -          P22505_BGLB_PAEPO    -            4.9e-88  300.3   4.9   7.8e-88  299.6   4.9   1.1   1   0   0   1   1   1   1 
5bwf_A               -          P22505_BGLB_PAEPO    -              1e-87  299.3   1.0   1.3e-87  298.9   1.0   1.1   1   0   0   1   1   1   1 
5bwf_B               -          P22505_BGLB_PAEPO    -              1e-87  299.3   1.0   1.3e-87  298.9   1.0   1.1   1   0   0   1   1   1   1 
4re2_A               -          P22505_BGLB_PAEPO    -            2.5e-87  298.0   4.2   1.7e-86  295.3   4.2   1.8   1   1   0   1   1   1   1 
4re3_A               -          P22505_BGLB_PAEPO    -            2.5e-87  298.0   4.2   1.7e-86  295.3   4.2   1.8   1   1   0   1   1   1   1 
4re4_A               -          P22505_BGLB_PAEPO    -            2.5e-87  298.0   4.2   1.7e-86  295.3   4.2   1.8   1   1   0   1   1   1   1 
4jho_A               -          P22505_BGLB_PAEPO    -            2.5e-87  298.0   4.2   1.7e-86  295.3   4.2   1.8   1   1   0   1   1   1   1 
4jie_A               -          P22505_BGLB_PAEPO    -            2.5e-87  298.0   4.2   1.7e-86  295.3   4.2   1.8   1   1   0   1   1   1   1 
3ptk_A               -          P22505_BGLB_PAEPO    -            1.1e-85  292.5   3.7   5.3e-85  290.3   3.7   1.9   1   1   0   1   1   1   1 
3ptk_B               -          P22505_BGLB_PAEPO    -            1.1e-85  292.5   3.7   5.3e-85  290.3   3.7   1.9   1   1   0   1   1   1   1 
3ptm_A               -          P22505_BGLB_PAEPO    -            1.1e-85  292.5   3.7   5.3e-85  290.3   3.7   1.9   1   1   0   1   1   1   1 
3ptm_B               -          P22505_BGLB_PAEPO    -            1.1e-85  292.5   3.7   5.3e-85  290.3   3.7   1.9   1   1   0   1   1   1   1 
3ptq_A               -          P22505_BGLB_PAEPO    -            1.1e-85  292.5   3.7   5.3e-85  290.3   3.7   1.9   1   1   0   1   1   1   1 
3ptq_B               -          P22505_BGLB_PAEPO    -            1.1e-85  292.5   3.7   5.3e-85  290.3   3.7   1.9   1   1   0   1   1   1   1 
3wq4_A               -          P22505_BGLB_PAEPO    -              6e-84  286.8   3.1   2.3e-83  284.9   3.1   1.9   1   1   0   1   1   1   1 
3wq4_B               -          P22505_BGLB_PAEPO    -              6e-84  286.8   3.1   2.3e-83  284.9   3.1   1.9   1   1   0   1   1   1   1 
3wq5_A               -          P22505_BGLB_PAEPO    -              6e-84  286.8   3.1   2.3e-83  284.9   3.1   1.9   1   1   0   1   1   1   1 
3wq5_B               -          P22505_BGLB_PAEPO    -              6e-84  286.8   3.1   2.3e-83  284.9   3.1   1.9   1   1   0   1   1   1   1 
3wq6_A               -          P22505_BGLB_PAEPO    -              6e-84  286.8   3.1   2.3e-83  284.9   3.1   1.9   1   1   0   1   1   1   1 
3wq6_B               -          P22505_BGLB_PAEPO    -              6e-84  286.8   3.1   2.3e-83  284.9   3.1   1.9   1   1   0   1   1   1   1 
4ze4_A               -          P22505_BGLB_PAEPO    -              4e-83  284.1   7.9     1e-64  223.4   5.2   2.0   2   0   0   2   2   2   2 
4ze4_B               -          P22505_BGLB_PAEPO    -              4e-83  284.1   7.9     1e-64  223.4   5.2   2.0   2   0   0   2   2   2   2 
4zeh_A               -          P22505_BGLB_PAEPO    -              4e-83  284.1   7.9     1e-64  223.4   5.2   2.0   2   0   0   2   2   2   2 
4zeh_B               -          P22505_BGLB_PAEPO    -              4e-83  284.1   7.9     1e-64  223.4   5.2   2.0   2   0   0   2   2   2   2 
4zeh_C               -          P22505_BGLB_PAEPO    -              4e-83  284.1   7.9     1e-64  223.4   5.2   2.0   2   0   0   2   2   2   2 
4zeh_D               -          P22505_BGLB_PAEPO    -              4e-83  284.1   7.9     1e-64  223.4   5.2   2.0   2   0   0   2   2   2   2 
4zen_A               -          P22505_BGLB_PAEPO    -              4e-83  284.1   7.9     1e-64  223.4   5.2   2.0   2   0   0   2   2   2   2 
4zen_B               -          P22505_BGLB_PAEPO    -              4e-83  284.1   7.9     1e-64  223.4   5.2   2.0   2   0   0   2   2   2   2 
4zep_A               -          P22505_BGLB_PAEPO    -              4e-83  284.1   7.9     1e-64  223.4   5.2   2.0   2   0   0   2   2   2   2 
4zep_B               -          P22505_BGLB_PAEPO    -              4e-83  284.1   7.9     1e-64  223.4   5.2   2.0   2   0   0   2   2   2   2 
4ze5_A               -          P22505_BGLB_PAEPO    -            9.4e-83  282.9   7.8   2.4e-64  222.2   5.1   2.0   2   0   0   2   2   2   2 
4ze5_B               -          P22505_BGLB_PAEPO    -            9.4e-83  282.9   7.8   2.4e-64  222.2   5.1   2.0   2   0   0   2   2   2   2 
4ze5_C               -          P22505_BGLB_PAEPO    -            9.4e-83  282.9   7.8   2.4e-64  222.2   5.1   2.0   2   0   0   2   2   2   2 
4ze5_D               -          P22505_BGLB_PAEPO    -            9.4e-83  282.9   7.8   2.4e-64  222.2   5.1   2.0   2   0   0   2   2   2   2 
4zfm_A               -          P22505_BGLB_PAEPO    -            9.4e-83  282.9   7.8   2.4e-64  222.2   5.1   2.0   2   0   0   2   2   2   2 
4zfm_B               -          P22505_BGLB_PAEPO    -            9.4e-83  282.9   7.8   2.4e-64  222.2   5.1   2.0   2   0   0   2   2   2   2 
4zfm_C               -          P22505_BGLB_PAEPO    -            9.4e-83  282.9   7.8   2.4e-64  222.2   5.1   2.0   2   0   0   2   2   2   2 
4zfm_D               -          P22505_BGLB_PAEPO    -            9.4e-83  282.9   7.8   2.4e-64  222.2   5.1   2.0   2   0   0   2   2   2   2 
1cbg_A               -          P22505_BGLB_PAEPO    -            5.2e-81  277.1   2.5   1.4e-80  275.7   2.5   1.6   1   1   0   1   1   1   1 
3gno_A               -          P22505_BGLB_PAEPO    -            3.2e-80  274.5   3.0     2e-79  271.9   3.0   2.0   1   1   0   1   1   1   1 
3gnp_A               -          P22505_BGLB_PAEPO    -            3.2e-80  274.5   3.0     2e-79  271.9   3.0   2.0   1   1   0   1   1   1   1 
3gnr_A               -          P22505_BGLB_PAEPO    -            3.2e-80  274.5   3.0     2e-79  271.9   3.0   2.0   1   1   0   1   1   1   1 
1wcg_A               -          P22505_BGLB_PAEPO    -            4.5e-80  274.0   4.4   5.6e-80  273.7   4.4   1.1   1   0   0   1   1   1   1 
1wcg_B               -          P22505_BGLB_PAEPO    -            4.5e-80  274.0   4.4   5.6e-80  273.7   4.4   1.1   1   0   0   1   1   1   1 
3wba_A               -          P22505_BGLB_PAEPO    -            7.6e-80  273.3   2.8   4.8e-79  270.7   2.8   2.0   1   1   0   1   1   1   1 
3wbe_A               -          P22505_BGLB_PAEPO    -            7.6e-80  273.3   2.8   4.8e-79  270.7   2.8   2.0   1   1   0   1   1   1   1 
3ahz_A               -          P22505_BGLB_PAEPO    -            4.3e-77  264.2   6.3   5.8e-77  263.8   6.3   1.1   1   0   0   1   1   1   1 
3vif_A               -          P22505_BGLB_PAEPO    -            4.3e-77  264.2   6.3   5.8e-77  263.8   6.3   1.1   1   0   0   1   1   1   1 
3vig_A               -          P22505_BGLB_PAEPO    -            4.3e-77  264.2   6.3   5.8e-77  263.8   6.3   1.1   1   0   0   1   1   1   1 
3vih_A               -          P22505_BGLB_PAEPO    -            4.3e-77  264.2   6.3   5.8e-77  263.8   6.3   1.1   1   0   0   1   1   1   1 
3vii_A               -          P22505_BGLB_PAEPO    -            4.3e-77  264.2   6.3   5.8e-77  263.8   6.3   1.1   1   0   0   1   1   1   1 
3ai0_A               -          P22505_BGLB_PAEPO    -              1e-76  263.0   6.2   1.4e-76  262.6   6.2   1.1   1   0   0   1   1   1   1 
3vim_A               -          P22505_BGLB_PAEPO    -              1e-76  263.0   6.2   1.4e-76  262.6   6.2   1.1   1   0   0   1   1   1   1 
3vin_A               -          P22505_BGLB_PAEPO    -              1e-76  263.0   6.2   1.4e-76  262.6   6.2   1.1   1   0   0   1   1   1   1 
3vio_A               -          P22505_BGLB_PAEPO    -              1e-76  263.0   6.2   1.4e-76  262.6   6.2   1.1   1   0   0   1   1   1   1 
3vip_A               -          P22505_BGLB_PAEPO    -              1e-76  263.0   6.2   1.4e-76  262.6   6.2   1.1   1   0   0   1   1   1   1 
3vik_A               -          P22505_BGLB_PAEPO    -            1.8e-76  262.2   6.1   2.4e-76  261.7   6.1   1.1   1   0   0   1   1   1   1 
3vil_A               -          P22505_BGLB_PAEPO    -            1.8e-76  262.2   6.1   2.4e-76  261.7   6.1   1.1   1   0   0   1   1   1   1 
3vij_A               -          P22505_BGLB_PAEPO    -            2.4e-76  261.8   6.0   3.2e-76  261.3   6.0   1.1   1   0   0   1   1   1   1 
3aiu_A               -          P22505_BGLB_PAEPO    -            6.6e-76  260.3   8.1   3.4e-75  258.0   8.1   2.0   1   1   0   1   1   1   1 
3aiv_A               -          P22505_BGLB_PAEPO    -            6.6e-76  260.3   8.1   3.4e-75  258.0   8.1   2.0   1   1   0   1   1   1   1 
3aiw_A               -          P22505_BGLB_PAEPO    -            6.6e-76  260.3   8.1   3.4e-75  258.0   8.1   2.0   1   1   0   1   1   1   1 
1v03_A               -          P22505_BGLB_PAEPO    -            1.6e-75  259.1   2.0   4.7e-75  257.5   2.0   1.7   1   1   0   1   1   1   1 
2dga_A               -          P22505_BGLB_PAEPO    -            1.6e-75  259.0   5.6     1e-74  256.3   5.6   2.1   1   1   0   1   1   1   1 
3aiq_A               -          P22505_BGLB_PAEPO    -            1.6e-75  259.0   5.6     1e-74  256.3   5.6   2.1   1   1   0   1   1   1   1 
3air_A               -          P22505_BGLB_PAEPO    -            1.6e-75  259.0   5.6     1e-74  256.3   5.6   2.1   1   1   0   1   1   1   1 
1v02_E               -          P22505_BGLB_PAEPO    -            2.2e-75  258.6   1.6   6.6e-75  257.0   1.6   1.7   1   1   0   1   1   1   1 
1v02_A               -          P22505_BGLB_PAEPO    -            6.2e-75  257.1   1.7   1.9e-74  255.5   1.7   1.7   1   1   0   1   1   1   1 
1v02_B               -          P22505_BGLB_PAEPO    -            6.2e-75  257.1   1.7   1.9e-74  255.5   1.7   1.7   1   1   0   1   1   1   1 
1v02_C               -          P22505_BGLB_PAEPO    -            6.2e-75  257.1   1.7   1.9e-74  255.5   1.7   1.7   1   1   0   1   1   1   1 
1v02_D               -          P22505_BGLB_PAEPO    -            6.2e-75  257.1   1.7   1.9e-74  255.5   1.7   1.7   1   1   0   1   1   1   1 
1v02_F               -          P22505_BGLB_PAEPO    -            6.2e-75  257.1   1.7   1.9e-74  255.5   1.7   1.7   1   1   0   1   1   1   1 
3ais_A               -          P22505_BGLB_PAEPO    -              9e-75  256.6   5.4     6e-74  253.9   5.4   2.1   1   1   0   1   1   1   1 
2e9l_A               -          P22505_BGLB_PAEPO    -            4.8e-73  250.9   3.0   5.6e-73  250.6   3.0   1.0   1   0   0   1   1   1   1 
2e9m_A               -          P22505_BGLB_PAEPO    -            4.8e-73  250.9   3.0   5.6e-73  250.6   3.0   1.0   1   0   0   1   1   1   1 
2jfe_X               -          P22505_BGLB_PAEPO    -            5.6e-73  250.7   3.0   6.5e-73  250.4   3.0   1.0   1   0   0   1   1   1   1 
2zox_A               -          P22505_BGLB_PAEPO    -            1.1e-72  249.6   2.8   1.3e-72  249.4   2.8   1.0   1   0   0   1   1   1   1 
3vkk_A               -          P22505_BGLB_PAEPO    -            1.1e-72  249.6   2.8   1.3e-72  249.4   2.8   1.0   1   0   0   1   1   1   1 
1pbg_A               -          P22505_BGLB_PAEPO    -            3.3e-71  244.8  11.3   6.2e-70  240.6  11.3   2.0   1   1   0   1   1   1   1 
1pbg_B               -          P22505_BGLB_PAEPO    -            3.3e-71  244.8  11.3   6.2e-70  240.6  11.3   2.0   1   1   0   1   1   1   1 
3pbg_A               -          P22505_BGLB_PAEPO    -            3.3e-71  244.8  11.3   6.2e-70  240.6  11.3   2.0   1   1   0   1   1   1   1 
3pbg_B               -          P22505_BGLB_PAEPO    -            3.3e-71  244.8  11.3   6.2e-70  240.6  11.3   2.0   1   1   0   1   1   1   1 
2pbg_A               -          P22505_BGLB_PAEPO    -            5.7e-71  244.0  11.2   1.1e-69  239.8  11.2   2.0   1   1   0   1   1   1   1 
4pbg_A               -          P22505_BGLB_PAEPO    -            3.4e-70  241.5  10.6   6.4e-69  237.3  10.6   2.0   1   1   0   1   1   1   1 
4pbg_B               -          P22505_BGLB_PAEPO    -            3.4e-70  241.5  10.6   6.4e-69  237.3  10.6   2.0   1   1   0   1   1   1   1 
5cg0_A               -          P22505_BGLB_PAEPO    -            4.6e-68  234.4   4.3   9.4e-68  233.4   4.3   1.4   1   1   0   1   1   1   1 
5cg0_B               -          P22505_BGLB_PAEPO    -            4.6e-68  234.4   4.3   9.4e-68  233.4   4.3   1.4   1   1   0   1   1   1   1 
5cg0_C               -          P22505_BGLB_PAEPO    -            4.6e-68  234.4   4.3   9.4e-68  233.4   4.3   1.4   1   1   0   1   1   1   1 
5cg0_D               -          P22505_BGLB_PAEPO    -            4.6e-68  234.4   4.3   9.4e-68  233.4   4.3   1.4   1   1   0   1   1   1   1 
5cg0_E               -          P22505_BGLB_PAEPO    -            4.6e-68  234.4   4.3   9.4e-68  233.4   4.3   1.4   1   1   0   1   1   1   1 
5cg0_F               -          P22505_BGLB_PAEPO    -            4.6e-68  234.4   4.3   9.4e-68  233.4   4.3   1.4   1   1   0   1   1   1   1 
1vff_A               -          P22505_BGLB_PAEPO    -            4.1e-67  231.3   7.9   3.2e-66  228.4   7.9   1.8   1   1   0   1   1   1   1 
1hxj_A               -          P22505_BGLB_PAEPO    -            1.3e-66  229.6   3.6   3.9e-66  228.1   3.6   1.7   1   1   0   1   1   1   1 
1hxj_B               -          P22505_BGLB_PAEPO    -            1.3e-66  229.6   3.6   3.9e-66  228.1   3.6   1.7   1   1   0   1   1   1   1 
1e1e_A               -          P22505_BGLB_PAEPO    -            1.4e-66  229.5   3.6   4.2e-66  228.0   3.6   1.7   1   1   0   1   1   1   1 
1e1e_B               -          P22505_BGLB_PAEPO    -            1.4e-66  229.5   3.6   4.2e-66  228.0   3.6   1.7   1   1   0   1   1   1   1 
1e1f_A               -          P22505_BGLB_PAEPO    -            1.4e-66  229.5   3.6   4.2e-66  228.0   3.6   1.7   1   1   0   1   1   1   1 
1e1f_B               -          P22505_BGLB_PAEPO    -            1.4e-66  229.5   3.6   4.2e-66  228.0   3.6   1.7   1   1   0   1   1   1   1 
1h49_A               -          P22505_BGLB_PAEPO    -            2.2e-66  228.9   3.3   6.5e-66  227.4   3.3   1.7   1   1   0   1   1   1   1 
1h49_B               -          P22505_BGLB_PAEPO    -            2.2e-66  228.9   3.3   6.5e-66  227.4   3.3   1.7   1   1   0   1   1   1   1 
1e4l_A               -          P22505_BGLB_PAEPO    -            3.5e-66  228.2   3.5     1e-65  226.7   3.5   1.7   1   1   0   1   1   1   1 
1e4l_B               -          P22505_BGLB_PAEPO    -            3.5e-66  228.2   3.5     1e-65  226.7   3.5   1.7   1   1   0   1   1   1   1 
1e4n_A               -          P22505_BGLB_PAEPO    -            3.5e-66  228.2   3.5     1e-65  226.7   3.5   1.7   1   1   0   1   1   1   1 
1e4n_B               -          P22505_BGLB_PAEPO    -            3.5e-66  228.2   3.5     1e-65  226.7   3.5   1.7   1   1   0   1   1   1   1 
1e55_A               -          P22505_BGLB_PAEPO    -            3.5e-66  228.2   3.5     1e-65  226.7   3.5   1.7   1   1   0   1   1   1   1 
1e55_B               -          P22505_BGLB_PAEPO    -            3.5e-66  228.2   3.5     1e-65  226.7   3.5   1.7   1   1   0   1   1   1   1 
1e56_A               -          P22505_BGLB_PAEPO    -            3.5e-66  228.2   3.5     1e-65  226.7   3.5   1.7   1   1   0   1   1   1   1 
1e56_B               -          P22505_BGLB_PAEPO    -            3.5e-66  228.2   3.5     1e-65  226.7   3.5   1.7   1   1   0   1   1   1   1 
1v08_A               -          P22505_BGLB_PAEPO    -            3.5e-66  228.2   3.5     1e-65  226.7   3.5   1.7   1   1   0   1   1   1   1 
1v08_B               -          P22505_BGLB_PAEPO    -            3.5e-66  228.2   3.5     1e-65  226.7   3.5   1.7   1   1   0   1   1   1   1 
1e4m_M               -          P22505_BGLB_PAEPO    -            5.1e-59  204.6   5.7   1.3e-47  167.0   2.2   2.3   2   1   0   2   2   2   2 
1e6q_M               -          P22505_BGLB_PAEPO    -            5.1e-59  204.6   5.7   1.3e-47  167.0   2.2   2.3   2   1   0   2   2   2   2 
1e6s_M               -          P22505_BGLB_PAEPO    -            5.1e-59  204.6   5.7   1.3e-47  167.0   2.2   2.3   2   1   0   2   2   2   2 
1e6x_M               -          P22505_BGLB_PAEPO    -            5.1e-59  204.6   5.7   1.3e-47  167.0   2.2   2.3   2   1   0   2   2   2   2 
1e70_M               -          P22505_BGLB_PAEPO    -            5.1e-59  204.6   5.7   1.3e-47  167.0   2.2   2.3   2   1   0   2   2   2   2 
1e71_M               -          P22505_BGLB_PAEPO    -            5.1e-59  204.6   5.7   1.3e-47  167.0   2.2   2.3   2   1   0   2   2   2   2 
1e72_M               -          P22505_BGLB_PAEPO    -            5.1e-59  204.6   5.7   1.3e-47  167.0   2.2   2.3   2   1   0   2   2   2   2 
1e73_M               -          P22505_BGLB_PAEPO    -            5.1e-59  204.6   5.7   1.3e-47  167.0   2.2   2.3   2   1   0   2   2   2   2 
1w9b_M               -          P22505_BGLB_PAEPO    -            5.1e-59  204.6   5.7   1.3e-47  167.0   2.2   2.3   2   1   0   2   2   2   2 
1w9d_M               -          P22505_BGLB_PAEPO    -            5.1e-59  204.6   5.7   1.3e-47  167.0   2.2   2.3   2   1   0   2   2   2   2 
2wxd_M               -          P22505_BGLB_PAEPO    -            5.1e-59  204.6   5.7   1.3e-47  167.0   2.2   2.3   2   1   0   2   2   2   2 
1dwa_M               -          P22505_BGLB_PAEPO    -            6.1e-59  204.3   5.7   1.3e-47  167.0   2.2   2.3   2   1   0   2   2   2   2 
1dwf_M               -          P22505_BGLB_PAEPO    -            6.1e-59  204.3   5.7   1.3e-47  167.0   2.2   2.3   2   1   0   2   2   2   2 
1dwg_M               -          P22505_BGLB_PAEPO    -            6.1e-59  204.3   5.7   1.3e-47  167.0   2.2   2.3   2   1   0   2   2   2   2 
1dwh_M               -          P22505_BGLB_PAEPO    -            6.1e-59  204.3   5.7   1.3e-47  167.0   2.2   2.3   2   1   0   2   2   2   2 
1dwi_M               -          P22505_BGLB_PAEPO    -            6.1e-59  204.3   5.7   1.3e-47  167.0   2.2   2.3   2   1   0   2   2   2   2 
1dwj_M               -          P22505_BGLB_PAEPO    -            6.1e-59  204.3   5.7   1.3e-47  167.0   2.2   2.3   2   1   0   2   2   2   2 
1myr_A               -          P22505_BGLB_PAEPO    -              1e-58  203.7   5.7   2.7e-48  169.2   2.0   2.3   2   1   0   2   2   2   2 
4b3k_A               -          P22505_BGLB_PAEPO    -            7.3e-55  190.9   6.6   1.3e-54  190.1   6.6   1.4   1   1   0   1   1   1   1 
4b3k_B               -          P22505_BGLB_PAEPO    -            7.3e-55  190.9   6.6   1.3e-54  190.1   6.6   1.4   1   1   0   1   1   1   1 
4b3k_C               -          P22505_BGLB_PAEPO    -            7.3e-55  190.9   6.6   1.3e-54  190.1   6.6   1.4   1   1   0   1   1   1   1 
4b3k_D               -          P22505_BGLB_PAEPO    -            7.3e-55  190.9   6.6   1.3e-54  190.1   6.6   1.4   1   1   0   1   1   1   1 
4b3k_E               -          P22505_BGLB_PAEPO    -            7.3e-55  190.9   6.6   1.3e-54  190.1   6.6   1.4   1   1   0   1   1   1   1 
4b3k_F               -          P22505_BGLB_PAEPO    -            7.3e-55  190.9   6.6   1.3e-54  190.1   6.6   1.4   1   1   0   1   1   1   1 
4b3l_A               -          P22505_BGLB_PAEPO    -            7.3e-55  190.9   6.6   1.3e-54  190.1   6.6   1.4   1   1   0   1   1   1   1 
4b3l_B               -          P22505_BGLB_PAEPO    -            7.3e-55  190.9   6.6   1.3e-54  190.1   6.6   1.4   1   1   0   1   1   1   1 
4b3l_C               -          P22505_BGLB_PAEPO    -            7.3e-55  190.9   6.6   1.3e-54  190.1   6.6   1.4   1   1   0   1   1   1   1 
4b3l_D               -          P22505_BGLB_PAEPO    -            7.3e-55  190.9   6.6   1.3e-54  190.1   6.6   1.4   1   1   0   1   1   1   1 
4b3l_E               -          P22505_BGLB_PAEPO    -            7.3e-55  190.9   6.6   1.3e-54  190.1   6.6   1.4   1   1   0   1   1   1   1 
4b3l_F               -          P22505_BGLB_PAEPO    -            7.3e-55  190.9   6.6   1.3e-54  190.1   6.6   1.4   1   1   0   1   1   1   1 
5foo_A               -          P22505_BGLB_PAEPO    -            7.4e-55  190.9   6.9   1.3e-54  190.0   6.9   1.4   1   1   0   1   1   1   1 
5foo_B               -          P22505_BGLB_PAEPO    -            7.4e-55  190.9   6.9   1.3e-54  190.0   6.9   1.4   1   1   0   1   1   1   1 
5foo_C               -          P22505_BGLB_PAEPO    -            7.4e-55  190.9   6.9   1.3e-54  190.0   6.9   1.4   1   1   0   1   1   1   1 
5foo_D               -          P22505_BGLB_PAEPO    -            7.4e-55  190.9   6.9   1.3e-54  190.0   6.9   1.4   1   1   0   1   1   1   1 
5foo_E               -          P22505_BGLB_PAEPO    -            7.4e-55  190.9   6.9   1.3e-54  190.0   6.9   1.4   1   1   0   1   1   1   1 
5foo_F               -          P22505_BGLB_PAEPO    -            7.4e-55  190.9   6.9   1.3e-54  190.0   6.9   1.4   1   1   0   1   1   1   1 
2xhy_A               -          P22505_BGLB_PAEPO    -            2.5e-53  185.9   3.5   3.3e-53  185.4   3.5   1.1   1   0   0   1   1   1   1 
2xhy_B               -          P22505_BGLB_PAEPO    -            2.5e-53  185.9   3.5   3.3e-53  185.4   3.5   1.1   1   0   0   1   1   1   1 
2xhy_C               -          P22505_BGLB_PAEPO    -            2.5e-53  185.9   3.5   3.3e-53  185.4   3.5   1.1   1   0   0   1   1   1   1 
2xhy_D               -          P22505_BGLB_PAEPO    -            2.5e-53  185.9   3.5   3.3e-53  185.4   3.5   1.1   1   0   0   1   1   1   1 
4r27_A               -          P22505_BGLB_PAEPO    -            1.7e-50  176.5   2.6   6.6e-29  105.3   1.5   2.2   2   1   0   2   2   2   2 
4r27_B               -          P22505_BGLB_PAEPO    -            1.7e-50  176.5   2.6   6.6e-29  105.3   1.5   2.2   2   1   0   2   2   2   2 
3qom_A               -          P22505_BGLB_PAEPO    -              5e-50  175.0   3.3     6e-50  174.7   3.3   1.1   1   0   0   1   1   1   1 
4gze_A               -          P22505_BGLB_PAEPO    -              5e-50  175.0   3.3     6e-50  174.7   3.3   1.1   1   0   0   1   1   1   1 
4gze_B               -          P22505_BGLB_PAEPO    -              5e-50  175.0   3.3     6e-50  174.7   3.3   1.1   1   0   0   1   1   1   1 
4gze_C               -          P22505_BGLB_PAEPO    -              5e-50  175.0   3.3     6e-50  174.7   3.3   1.1   1   0   0   1   1   1   1 
4gze_D               -          P22505_BGLB_PAEPO    -              5e-50  175.0   3.3     6e-50  174.7   3.3   1.1   1   0   0   1   1   1   1 
4gze_E               -          P22505_BGLB_PAEPO    -              5e-50  175.0   3.3     6e-50  174.7   3.3   1.1   1   0   0   1   1   1   1 
4gze_F               -          P22505_BGLB_PAEPO    -              5e-50  175.0   3.3     6e-50  174.7   3.3   1.1   1   0   0   1   1   1   1 
3pn8_A               -          P22505_BGLB_PAEPO    -            9.9e-50  174.0   5.1   1.4e-49  173.5   5.1   1.1   1   0   0   1   1   1   1 
3pn8_B               -          P22505_BGLB_PAEPO    -            9.9e-50  174.0   5.1   1.4e-49  173.5   5.1   1.1   1   0   0   1   1   1   1 
4f66_A               -          P22505_BGLB_PAEPO    -            9.9e-50  174.0   5.1   1.4e-49  173.5   5.1   1.1   1   0   0   1   1   1   1 
4f66_B               -          P22505_BGLB_PAEPO    -            9.9e-50  174.0   5.1   1.4e-49  173.5   5.1   1.1   1   0   0   1   1   1   1 
4f79_A               -          P22505_BGLB_PAEPO    -            2.3e-49  172.8   4.9   3.2e-49  172.3   4.9   1.1   1   0   0   1   1   1   1 
4gpn_A               -          P22505_BGLB_PAEPO    -            2.3e-49  172.8   4.9   3.2e-49  172.3   4.9   1.1   1   0   0   1   1   1   1 
4gpn_B               -          P22505_BGLB_PAEPO    -            2.3e-49  172.8   4.9   3.2e-49  172.3   4.9   1.1   1   0   0   1   1   1   1 
4ipl_A               -          P22505_BGLB_PAEPO    -            1.4e-48  170.2   3.0   1.8e-48  169.8   3.0   1.0   1   0   0   1   1   1   1 
4ipl_B               -          P22505_BGLB_PAEPO    -            1.4e-48  170.2   3.0   1.8e-48  169.8   3.0   1.0   1   0   0   1   1   1   1 
4ipn_B               -          P22505_BGLB_PAEPO    -            1.4e-48  170.2   3.0   1.8e-48  169.8   3.0   1.0   1   0   0   1   1   1   1 
4ipn_E               -          P22505_BGLB_PAEPO    -            1.4e-48  170.2   3.0   1.8e-48  169.8   3.0   1.0   1   0   0   1   1   1   1 
3apg_A               -          P22505_BGLB_PAEPO    -            8.4e-37  131.3  10.4   1.5e-22   84.4   0.1   3.3   1   1   1   3   3   3   3 
3apg_B               -          P22505_BGLB_PAEPO    -            8.4e-37  131.3  10.4   1.5e-22   84.4   0.1   3.3   1   1   1   3   3   3   3 
3apg_C               -          P22505_BGLB_PAEPO    -            8.4e-37  131.3  10.4   1.5e-22   84.4   0.1   3.3   1   1   1   3   3   3   3 
3apg_D               -          P22505_BGLB_PAEPO    -            8.4e-37  131.3  10.4   1.5e-22   84.4   0.1   3.3   1   1   1   3   3   3   3 
3wdp_P               -          P22505_BGLB_PAEPO    -            2.1e-36  130.1  10.6   1.4e-22   84.4   0.1   3.3   1   1   1   3   3   3   3 
3wdp_Q               -          P22505_BGLB_PAEPO    -            2.1e-36  130.1  10.6   1.4e-22   84.4   0.1   3.3   1   1   1   3   3   3   3 
3wdp_R               -          P22505_BGLB_PAEPO    -            2.1e-36  130.1  10.6   1.4e-22   84.4   0.1   3.3   1   1   1   3   3   3   3 
3wdp_S               -          P22505_BGLB_PAEPO    -            2.1e-36  130.1  10.6   1.4e-22   84.4   0.1   3.3   1   1   1   3   3   3   3 
3wq8_A               -          P22505_BGLB_PAEPO    -            6.1e-35  125.2  10.8   4.8e-21   79.4   0.1   3.4   1   1   2   3   3   3   3 
3wq8_B               -          P22505_BGLB_PAEPO    -            6.1e-35  125.2  10.8   4.8e-21   79.4   0.1   3.4   1   1   2   3   3   3   3 
3wq8_C               -          P22505_BGLB_PAEPO    -            6.1e-35  125.2  10.8   4.8e-21   79.4   0.1   3.4   1   1   2   3   3   3   3 
3wq8_D               -          P22505_BGLB_PAEPO    -            6.1e-35  125.2  10.8   4.8e-21   79.4   0.1   3.4   1   1   2   3   3   3   3 
3wq8_E               -          P22505_BGLB_PAEPO    -            6.1e-35  125.2  10.8   4.8e-21   79.4   0.1   3.4   1   1   2   3   3   3   3 
3wq8_F               -          P22505_BGLB_PAEPO    -            6.1e-35  125.2  10.8   4.8e-21   79.4   0.1   3.4   1   1   2   3   3   3   3 
3wq8_G               -          P22505_BGLB_PAEPO    -            6.1e-35  125.2  10.8   4.8e-21   79.4   0.1   3.4   1   1   2   3   3   3   3 
3wq8_H               -          P22505_BGLB_PAEPO    -            6.1e-35  125.2  10.8   4.8e-21   79.4   0.1   3.4   1   1   2   3   3   3   3 
3wq8_I               -          P22505_BGLB_PAEPO    -            6.1e-35  125.2  10.8   4.8e-21   79.4   0.1   3.4   1   1   2   3   3   3   3 
3wq8_J               -          P22505_BGLB_PAEPO    -            6.1e-35  125.2  10.8   4.8e-21   79.4   0.1   3.4   1   1   2   3   3   3   3 
3wq8_K               -          P22505_BGLB_PAEPO    -            6.1e-35  125.2  10.8   4.8e-21   79.4   0.1   3.4   1   1   2   3   3   3   3 
3wq8_L               -          P22505_BGLB_PAEPO    -            6.1e-35  125.2  10.8   4.8e-21   79.4   0.1   3.4   1   1   2   3   3   3   3 
1qvb_A               -          P22505_BGLB_PAEPO    -            6.8e-34  121.8   6.2   2.5e-21   80.3   0.1   3.3   3   1   0   3   3   3   3 
1qvb_B               -          P22505_BGLB_PAEPO    -            6.8e-34  121.8   6.2   2.5e-21   80.3   0.1   3.3   3   1   0   3   3   3   3 
1uwq_A               -          P22505_BGLB_PAEPO    -            4.4e-33  119.1   8.1   3.2e-30  109.6   3.4   3.0   2   1   0   2   2   2   2 
1uwq_B               -          P22505_BGLB_PAEPO    -            4.4e-33  119.1   8.1   3.2e-30  109.6   3.4   3.0   2   1   0   2   2   2   2 
1uwr_A               -          P22505_BGLB_PAEPO    -            4.4e-33  119.1   8.1   3.2e-30  109.6   3.4   3.0   2   1   0   2   2   2   2 
1uwr_B               -          P22505_BGLB_PAEPO    -            4.4e-33  119.1   8.1   3.2e-30  109.6   3.4   3.0   2   1   0   2   2   2   2 
1uws_A               -          P22505_BGLB_PAEPO    -            4.4e-33  119.1   8.1   3.2e-30  109.6   3.4   3.0   2   1   0   2   2   2   2 
1uws_B               -          P22505_BGLB_PAEPO    -            4.4e-33  119.1   8.1   3.2e-30  109.6   3.4   3.0   2   1   0   2   2   2   2 
1uwt_A               -          P22505_BGLB_PAEPO    -            4.4e-33  119.1   8.1   3.2e-30  109.6   3.4   3.0   2   1   0   2   2   2   2 
1uwt_B               -          P22505_BGLB_PAEPO    -            4.4e-33  119.1   8.1   3.2e-30  109.6   3.4   3.0   2   1   0   2   2   2   2 
1uwu_A               -          P22505_BGLB_PAEPO    -            4.4e-33  119.1   8.1   3.2e-30  109.6   3.4   3.0   2   1   0   2   2   2   2 
1uwu_B               -          P22505_BGLB_PAEPO    -            4.4e-33  119.1   8.1   3.2e-30  109.6   3.4   3.0   2   1   0   2   2   2   2 
2ceq_A               -          P22505_BGLB_PAEPO    -            4.4e-33  119.1   8.1   3.2e-30  109.6   3.4   3.0   2   1   0   2   2   2   2 
2ceq_B               -          P22505_BGLB_PAEPO    -            4.4e-33  119.1   8.1   3.2e-30  109.6   3.4   3.0   2   1   0   2   2   2   2 
2cer_A               -          P22505_BGLB_PAEPO    -            4.4e-33  119.1   8.1   3.2e-30  109.6   3.4   3.0   2   1   0   2   2   2   2 
2cer_B               -          P22505_BGLB_PAEPO    -            4.4e-33  119.1   8.1   3.2e-30  109.6   3.4   3.0   2   1   0   2   2   2   2 
4eam_A               -          P22505_BGLB_PAEPO    -            2.1e-32  116.8   7.5   3.2e-30  109.6   3.4   3.0   2   1   0   2   2   2   1 
4eam_B               -          P22505_BGLB_PAEPO    -            2.1e-32  116.8   7.5   3.2e-30  109.6   3.4   3.0   2   1   0   2   2   2   1 
4ean_A               -          P22505_BGLB_PAEPO    -            2.1e-32  116.8   7.5   3.2e-30  109.6   3.4   3.0   2   1   0   2   2   2   1 
4ean_B               -          P22505_BGLB_PAEPO    -            2.1e-32  116.8   7.5   3.2e-30  109.6   3.4   3.0   2   1   0   2   2   2   1 
5ixe_A               -          P22505_BGLB_PAEPO    -            2.1e-32  116.8   7.5   3.2e-30  109.6   3.4   3.0   2   1   0   2   2   2   1 
5ixe_B               -          P22505_BGLB_PAEPO    -            2.1e-32  116.8   7.5   3.2e-30  109.6   3.4   3.0   2   1   0   2   2   2   1 
5i3d_A               -          P22505_BGLB_PAEPO    -              4e-32  115.9   8.1   2.9e-29  106.5   3.4   3.0   2   1   0   2   2   2   2 
5i3d_B               -          P22505_BGLB_PAEPO    -              4e-32  115.9   8.1   2.9e-29  106.5   3.4   3.0   2   1   0   2   2   2   2 
5i3d_C               -          P22505_BGLB_PAEPO    -              4e-32  115.9   8.1   2.9e-29  106.5   3.4   3.0   2   1   0   2   2   2   2 
5i3d_D               -          P22505_BGLB_PAEPO    -              4e-32  115.9   8.1   2.9e-29  106.5   3.4   3.0   2   1   0   2   2   2   2 
4ha3_A               -          P22505_BGLB_PAEPO    -              2e-31  113.6   7.0   1.1e-27  101.3   1.3   3.3   2   1   0   2   2   2   2 
4ha4_A               -          P22505_BGLB_PAEPO    -              2e-31  113.6   7.0   1.1e-27  101.3   1.3   3.3   2   1   0   2   2   2   2 
1gow_A               -          P22505_BGLB_PAEPO    -            5.1e-30  109.0   7.8   9.8e-29  104.7   3.3   3.0   2   1   0   2   2   2   1 
1gow_B               -          P22505_BGLB_PAEPO    -            5.1e-30  109.0   7.8   9.8e-29  104.7   3.3   3.0   2   1   0   2   2   2   1 
1uwi_A               -          P22505_BGLB_PAEPO    -            1.9e-29  107.1   7.2   2.3e-28  103.5   3.2   3.0   2   1   0   2   2   2   1 
1uwi_B               -          P22505_BGLB_PAEPO    -            1.9e-29  107.1   7.2   2.3e-28  103.5   3.2   3.0   2   1   0   2   2   2   1 
1uwi_C               -          P22505_BGLB_PAEPO    -            1.9e-29  107.1   7.2   2.3e-28  103.5   3.2   3.0   2   1   0   2   2   2   1 
1uwi_D               -          P22505_BGLB_PAEPO    -            1.9e-29  107.1   7.2   2.3e-28  103.5   3.2   3.0   2   1   0   2   2   2   1 
1vbr_A               -          P22505_BGLB_PAEPO    -             0.0043   20.2   4.1       1.1   12.2   0.7   2.2   1   1   1   2   2   2   1 
1vbr_B               -          P22505_BGLB_PAEPO    -             0.0043   20.2   4.1       1.1   12.2   0.7   2.2   1   1   1   2   2   2   1 
1vbu_A               -          P22505_BGLB_PAEPO    -             0.0043   20.2   4.1       1.1   12.2   0.7   2.2   1   1   1   2   2   2   1 
1vbu_B               -          P22505_BGLB_PAEPO    -             0.0043   20.2   4.1       1.1   12.2   0.7   2.2   1   1   1   2   2   2   1 
3niy_A               -          P22505_BGLB_PAEPO    -             0.0048   20.0   3.7       1.2   12.1   0.8   2.2   1   1   1   2   2   2   1 
3niy_B               -          P22505_BGLB_PAEPO    -             0.0048   20.0   3.7       1.2   12.1   0.8   2.2   1   1   1   2   2   2   1 
3nj3_A               -          P22505_BGLB_PAEPO    -             0.0048   20.0   3.7       1.2   12.1   0.8   2.2   1   1   1   2   2   2   1 
3nj3_B               -          P22505_BGLB_PAEPO    -             0.0048   20.0   3.7       1.2   12.1   0.8   2.2   1   1   1   2   2   2   1 
2bnj_A               -          P22505_BGLB_PAEPO    -               0.96   12.4   0.0       1.2   12.1   0.0   1.1   1   0   0   1   1   1   0 
1i1w_A               -          P22505_BGLB_PAEPO    -               0.97   12.4   0.0       1.2   12.1   0.0   1.1   1   0   0   1   1   1   0 
1i1x_A               -          P22505_BGLB_PAEPO    -               0.97   12.4   0.0       1.2   12.1   0.0   1.1   1   0   0   1   1   1   0 
1k6a_A               -          P22505_BGLB_PAEPO    -               0.98   12.4   0.0       1.3   12.0   0.0   1.1   1   0   0   1   1   1   0 
1gok_A               -          P22505_BGLB_PAEPO    -               0.98   12.4   0.0       1.3   12.0   0.0   1.1   1   0   0   1   1   1   0 
1gom_A               -          P22505_BGLB_PAEPO    -               0.98   12.4   0.0       1.3   12.0   0.0   1.1   1   0   0   1   1   1   0 
1goo_A               -          P22505_BGLB_PAEPO    -               0.98   12.4   0.0       1.3   12.0   0.0   1.1   1   0   0   1   1   1   0 
1goq_A               -          P22505_BGLB_PAEPO    -               0.98   12.4   0.0       1.3   12.0   0.0   1.1   1   0   0   1   1   1   0 
1gor_A               -          P22505_BGLB_PAEPO    -               0.98   12.4   0.0       1.3   12.0   0.0   1.1   1   0   0   1   1   1   0 
4w8l_A               -          P22505_BGLB_PAEPO    -                1.2   12.1   0.2       3.1   10.7   0.1   1.6   2   0   0   2   2   1   0 
4w8l_B               -          P22505_BGLB_PAEPO    -                1.2   12.1   0.2       3.1   10.7   0.1   1.6   2   0   0   2   2   1   0 
4w8l_C               -          P22505_BGLB_PAEPO    -                1.2   12.1   0.2       3.1   10.7   0.1   1.6   2   0   0   2   2   1   0 
1tux_A               -          P22505_BGLB_PAEPO    -                1.9   11.4   0.0       2.5   11.0   0.0   1.1   1   0   0   1   1   1   0 
4xuy_A               -          P22505_BGLB_PAEPO    -                2.5   11.1   0.0       3.4   10.6   0.0   1.2   1   0   0   1   1   1   0 
4xuy_B               -          P22505_BGLB_PAEPO    -                2.5   11.1   0.0       3.4   10.6   0.0   1.2   1   0   0   1   1   1   0 
3u7b_A               -          P22505_BGLB_PAEPO    -                8.1    9.4   2.9       2.5   11.1   0.3   1.4   2   0   0   2   2   1   0 
3u7b_B               -          P22505_BGLB_PAEPO    -                8.1    9.4   2.9       2.5   11.1   0.3   1.4   2   0   0   2   2   1   0 
3u7b_C               -          P22505_BGLB_PAEPO    -                8.1    9.4   2.9       2.5   11.1   0.3   1.4   2   0   0   2   2   1   0 
3u7b_D               -          P22505_BGLB_PAEPO    -                8.1    9.4   2.9       2.5   11.1   0.3   1.4   2   0   0   2   2   1   0 
3u7b_E               -          P22505_BGLB_PAEPO    -                8.1    9.4   2.9       2.5   11.1   0.3   1.4   2   0   0   2   2   1   0 
#
# Program:         phmmer
# Version:         3.1b2 (February 2015)
# Pipeline mode:   SEARCH
# Query file:      target.fasta
# Target file:     /share/work/alex/local_pdb/sequences/pdb_seqres.txt
# Option settings: phmmer -A aln.fasta --tblout table.out --noali target.fasta /share/work/alex/local_pdb/sequences/pdb_seqres.txt 
# Current dir:     /share/work/alex/bglb_family/pipeline/output_files/1
# Date:            Thu Jun 29 12:05:46 2017
# [ok]
