1gnx_A               -          Q59976               -                  0 1105.4  23.2         0 1105.3  23.2   1.0   1   0   0   1   1   1   1 
1gnx_B               -          Q59976               -                  0 1105.4  23.2         0 1105.3  23.2   1.0   1   0   0   1   1   1   1 
1gon_A               -          Q59976               -                  0 1105.4  23.2         0 1105.3  23.2   1.0   1   0   0   1   1   1   1 
1gon_B               -          Q59976               -                  0 1105.4  23.2         0 1105.3  23.2   1.0   1   0   0   1   1   1   1 
3cmj_A               -          Q59976               -           4.8e-141  475.2   6.0    7e-140  471.4   6.0   1.9   1   1   0   1   1   1   1 
4hz6_A               -          Q59976               -           4.9e-141  475.2   6.1  7.4e-140  471.3   6.1   1.9   1   1   0   1   1   1   1 
4hz7_A               -          Q59976               -           4.9e-141  475.2   6.1  7.4e-140  471.3   6.1   1.9   1   1   0   1   1   1   1 
4hz8_A               -          Q59976               -           4.9e-141  475.2   6.1  7.4e-140  471.3   6.1   1.9   1   1   0   1   1   1   1 
3w53_A               -          Q59976               -           3.6e-140  472.3  10.6  4.8e-140  471.9  10.6   1.0   1   0   0   1   1   1   1 
3ta9_A               -          Q59976               -           9.5e-140  470.9   3.0  7.2e-139  468.0   3.0   1.8   1   1   0   1   1   1   1 
3ta9_B               -          Q59976               -           9.5e-140  470.9   3.0  7.2e-139  468.0   3.0   1.8   1   1   0   1   1   1   1 
4ptv_A               -          Q59976               -             1e-139  470.8   3.1  7.1e-139  468.0   3.1   1.8   1   1   0   1   1   1   1 
4ptv_B               -          Q59976               -             1e-139  470.8   3.1  7.1e-139  468.0   3.1   1.8   1   1   0   1   1   1   1 
4ptw_A               -          Q59976               -             1e-139  470.8   3.1  7.1e-139  468.0   3.1   1.8   1   1   0   1   1   1   1 
4ptw_B               -          Q59976               -             1e-139  470.8   3.1  7.1e-139  468.0   3.1   1.8   1   1   0   1   1   1   1 
4ptx_A               -          Q59976               -             1e-139  470.8   3.1  7.1e-139  468.0   3.1   1.8   1   1   0   1   1   1   1 
4ptx_B               -          Q59976               -             1e-139  470.8   3.1  7.1e-139  468.0   3.1   1.8   1   1   0   1   1   1   1 
1np2_A               -          Q59976               -           8.4e-138  464.5  17.5  2.9e-136  459.4  17.5   2.0   1   1   0   1   1   1   1 
1np2_B               -          Q59976               -           8.4e-138  464.5  17.5  2.9e-136  459.4  17.5   2.0   1   1   0   1   1   1   1 
1ug6_A               -          Q59976               -           2.9e-135  456.1  16.4  1.2e-133  450.8  16.4   2.0   1   1   0   1   1   1   1 
4bce_A               -          Q59976               -           9.9e-134  451.1  16.4  4.4e-132  445.6  16.4   2.0   1   1   0   1   1   1   1 
4bce_B               -          Q59976               -           9.9e-134  451.1  16.4  4.4e-132  445.6  16.4   2.0   1   1   0   1   1   1   1 
4bce_C               -          Q59976               -           9.9e-134  451.1  16.4  4.4e-132  445.6  16.4   2.0   1   1   0   1   1   1   1 
3zjk_A               -          Q59976               -           1.7e-133  450.3  16.2  6.9e-132  445.0  16.2   2.0   1   1   0   1   1   1   1 
3zjk_B               -          Q59976               -           1.7e-133  450.3  16.2  6.9e-132  445.0  16.2   2.0   1   1   0   1   1   1   1 
3zjk_C               -          Q59976               -           1.7e-133  450.3  16.2  6.9e-132  445.0  16.2   2.0   1   1   0   1   1   1   1 
1od0_A               -          Q59976               -           2.9e-131  442.9   1.4  1.3e-129  437.5   1.4   2.0   1   1   0   1   1   1   1 
1od0_B               -          Q59976               -           2.9e-131  442.9   1.4  1.3e-129  437.5   1.4   2.0   1   1   0   1   1   1   1 
1oif_A               -          Q59976               -           2.9e-131  442.9   1.4  1.3e-129  437.5   1.4   2.0   1   1   0   1   1   1   1 
1oif_B               -          Q59976               -           2.9e-131  442.9   1.4  1.3e-129  437.5   1.4   2.0   1   1   0   1   1   1   1 
1oim_A               -          Q59976               -           2.9e-131  442.9   1.4  1.3e-129  437.5   1.4   2.0   1   1   0   1   1   1   1 
1oim_B               -          Q59976               -           2.9e-131  442.9   1.4  1.3e-129  437.5   1.4   2.0   1   1   0   1   1   1   1 
1oin_A               -          Q59976               -           2.9e-131  442.9   1.4  1.3e-129  437.5   1.4   2.0   1   1   0   1   1   1   1 
1oin_B               -          Q59976               -           2.9e-131  442.9   1.4  1.3e-129  437.5   1.4   2.0   1   1   0   1   1   1   1 
1uz1_A               -          Q59976               -           2.9e-131  442.9   1.4  1.3e-129  437.5   1.4   2.0   1   1   0   1   1   1   1 
1uz1_B               -          Q59976               -           2.9e-131  442.9   1.4  1.3e-129  437.5   1.4   2.0   1   1   0   1   1   1   1 
1w3j_A               -          Q59976               -           2.9e-131  442.9   1.4  1.3e-129  437.5   1.4   2.0   1   1   0   1   1   1   1 
1w3j_B               -          Q59976               -           2.9e-131  442.9   1.4  1.3e-129  437.5   1.4   2.0   1   1   0   1   1   1   1 
2cbu_A               -          Q59976               -           2.9e-131  442.9   1.4  1.3e-129  437.5   1.4   2.0   1   1   0   1   1   1   1 
2cbu_B               -          Q59976               -           2.9e-131  442.9   1.4  1.3e-129  437.5   1.4   2.0   1   1   0   1   1   1   1 
2cbv_A               -          Q59976               -           2.9e-131  442.9   1.4  1.3e-129  437.5   1.4   2.0   1   1   0   1   1   1   1 
2cbv_B               -          Q59976               -           2.9e-131  442.9   1.4  1.3e-129  437.5   1.4   2.0   1   1   0   1   1   1   1 
2ces_A               -          Q59976               -           2.9e-131  442.9   1.4  1.3e-129  437.5   1.4   2.0   1   1   0   1   1   1   1 
2ces_B               -          Q59976               -           2.9e-131  442.9   1.4  1.3e-129  437.5   1.4   2.0   1   1   0   1   1   1   1 
2cet_A               -          Q59976               -           2.9e-131  442.9   1.4  1.3e-129  437.5   1.4   2.0   1   1   0   1   1   1   1 
2cet_B               -          Q59976               -           2.9e-131  442.9   1.4  1.3e-129  437.5   1.4   2.0   1   1   0   1   1   1   1 
2j75_A               -          Q59976               -           2.9e-131  442.9   1.4  1.3e-129  437.5   1.4   2.0   1   1   0   1   1   1   1 
2j75_B               -          Q59976               -           2.9e-131  442.9   1.4  1.3e-129  437.5   1.4   2.0   1   1   0   1   1   1   1 
2j77_A               -          Q59976               -           2.9e-131  442.9   1.4  1.3e-129  437.5   1.4   2.0   1   1   0   1   1   1   1 
2j77_B               -          Q59976               -           2.9e-131  442.9   1.4  1.3e-129  437.5   1.4   2.0   1   1   0   1   1   1   1 
2j78_A               -          Q59976               -           2.9e-131  442.9   1.4  1.3e-129  437.5   1.4   2.0   1   1   0   1   1   1   1 
2j78_B               -          Q59976               -           2.9e-131  442.9   1.4  1.3e-129  437.5   1.4   2.0   1   1   0   1   1   1   1 
2j79_A               -          Q59976               -           2.9e-131  442.9   1.4  1.3e-129  437.5   1.4   2.0   1   1   0   1   1   1   1 
2j79_B               -          Q59976               -           2.9e-131  442.9   1.4  1.3e-129  437.5   1.4   2.0   1   1   0   1   1   1   1 
2j7b_A               -          Q59976               -           2.9e-131  442.9   1.4  1.3e-129  437.5   1.4   2.0   1   1   0   1   1   1   1 
2j7b_B               -          Q59976               -           2.9e-131  442.9   1.4  1.3e-129  437.5   1.4   2.0   1   1   0   1   1   1   1 
2j7c_A               -          Q59976               -           2.9e-131  442.9   1.4  1.3e-129  437.5   1.4   2.0   1   1   0   1   1   1   1 
2j7c_B               -          Q59976               -           2.9e-131  442.9   1.4  1.3e-129  437.5   1.4   2.0   1   1   0   1   1   1   1 
2j7d_A               -          Q59976               -           2.9e-131  442.9   1.4  1.3e-129  437.5   1.4   2.0   1   1   0   1   1   1   1 
2j7d_B               -          Q59976               -           2.9e-131  442.9   1.4  1.3e-129  437.5   1.4   2.0   1   1   0   1   1   1   1 
2j7e_A               -          Q59976               -           2.9e-131  442.9   1.4  1.3e-129  437.5   1.4   2.0   1   1   0   1   1   1   1 
2j7e_B               -          Q59976               -           2.9e-131  442.9   1.4  1.3e-129  437.5   1.4   2.0   1   1   0   1   1   1   1 
2j7f_A               -          Q59976               -           2.9e-131  442.9   1.4  1.3e-129  437.5   1.4   2.0   1   1   0   1   1   1   1 
2j7f_B               -          Q59976               -           2.9e-131  442.9   1.4  1.3e-129  437.5   1.4   2.0   1   1   0   1   1   1   1 
2j7g_A               -          Q59976               -           2.9e-131  442.9   1.4  1.3e-129  437.5   1.4   2.0   1   1   0   1   1   1   1 
2j7g_B               -          Q59976               -           2.9e-131  442.9   1.4  1.3e-129  437.5   1.4   2.0   1   1   0   1   1   1   1 
2j7h_A               -          Q59976               -           2.9e-131  442.9   1.4  1.3e-129  437.5   1.4   2.0   1   1   0   1   1   1   1 
2j7h_B               -          Q59976               -           2.9e-131  442.9   1.4  1.3e-129  437.5   1.4   2.0   1   1   0   1   1   1   1 
2jal_A               -          Q59976               -           2.9e-131  442.9   1.4  1.3e-129  437.5   1.4   2.0   1   1   0   1   1   1   1 
2jal_B               -          Q59976               -           2.9e-131  442.9   1.4  1.3e-129  437.5   1.4   2.0   1   1   0   1   1   1   1 
2vrj_A               -          Q59976               -           2.9e-131  442.9   1.4  1.3e-129  437.5   1.4   2.0   1   1   0   1   1   1   1 
2vrj_B               -          Q59976               -           2.9e-131  442.9   1.4  1.3e-129  437.5   1.4   2.0   1   1   0   1   1   1   1 
2wbg_A               -          Q59976               -           2.9e-131  442.9   1.4  1.3e-129  437.5   1.4   2.0   1   1   0   1   1   1   1 
2wbg_B               -          Q59976               -           2.9e-131  442.9   1.4  1.3e-129  437.5   1.4   2.0   1   1   0   1   1   1   1 
2wbg_C               -          Q59976               -           2.9e-131  442.9   1.4  1.3e-129  437.5   1.4   2.0   1   1   0   1   1   1   1 
2wbg_D               -          Q59976               -           2.9e-131  442.9   1.4  1.3e-129  437.5   1.4   2.0   1   1   0   1   1   1   1 
2wc3_A               -          Q59976               -           2.9e-131  442.9   1.4  1.3e-129  437.5   1.4   2.0   1   1   0   1   1   1   1 
2wc3_B               -          Q59976               -           2.9e-131  442.9   1.4  1.3e-129  437.5   1.4   2.0   1   1   0   1   1   1   1 
2wc3_C               -          Q59976               -           2.9e-131  442.9   1.4  1.3e-129  437.5   1.4   2.0   1   1   0   1   1   1   1 
2wc3_D               -          Q59976               -           2.9e-131  442.9   1.4  1.3e-129  437.5   1.4   2.0   1   1   0   1   1   1   1 
2wc4_A               -          Q59976               -           2.9e-131  442.9   1.4  1.3e-129  437.5   1.4   2.0   1   1   0   1   1   1   1 
2wc4_B               -          Q59976               -           2.9e-131  442.9   1.4  1.3e-129  437.5   1.4   2.0   1   1   0   1   1   1   1 
2wc4_C               -          Q59976               -           2.9e-131  442.9   1.4  1.3e-129  437.5   1.4   2.0   1   1   0   1   1   1   1 
2wc4_D               -          Q59976               -           2.9e-131  442.9   1.4  1.3e-129  437.5   1.4   2.0   1   1   0   1   1   1   1 
5n6s_A               -          Q59976               -           2.9e-131  442.9   1.4  1.3e-129  437.5   1.4   2.0   1   1   0   1   1   1   1 
5n6s_B               -          Q59976               -           2.9e-131  442.9   1.4  1.3e-129  437.5   1.4   2.0   1   1   0   1   1   1   1 
5n6s_C               -          Q59976               -           2.9e-131  442.9   1.4  1.3e-129  437.5   1.4   2.0   1   1   0   1   1   1   1 
5n6s_D               -          Q59976               -           2.9e-131  442.9   1.4  1.3e-129  437.5   1.4   2.0   1   1   0   1   1   1   1 
5n6t_A               -          Q59976               -           2.9e-131  442.9   1.4  1.3e-129  437.5   1.4   2.0   1   1   0   1   1   1   1 
5n6t_B               -          Q59976               -           2.9e-131  442.9   1.4  1.3e-129  437.5   1.4   2.0   1   1   0   1   1   1   1 
2jie_A               -          Q59976               -           1.7e-129  437.1   1.1  1.9e-128  433.6   1.1   1.9   1   1   0   1   1   1   1 
2o9p_A               -          Q59976               -           1.9e-129  436.9   0.8  2.2e-128  433.4   0.8   1.9   1   1   0   1   1   1   1 
2o9t_A               -          Q59976               -           1.9e-129  436.9   0.8  2.2e-128  433.4   0.8   1.9   1   1   0   1   1   1   1 
2z1s_A               -          Q59976               -           1.9e-129  436.9   0.8  2.2e-128  433.4   0.8   1.9   1   1   0   1   1   1   1 
2o9r_A               -          Q59976               -           2.5e-129  436.6   0.9  2.9e-128  433.0   0.9   1.9   1   1   0   1   1   1   1 
3wh5_A               -          Q59976               -           4.5e-128  432.4  13.3  6.5e-127  428.6  13.3   1.9   1   1   0   1   1   1   1 
3wh6_A               -          Q59976               -           4.5e-128  432.4  13.3  6.5e-127  428.6  13.3   1.9   1   1   0   1   1   1   1 
3wh7_A               -          Q59976               -           4.5e-128  432.4  13.3  6.5e-127  428.6  13.3   1.9   1   1   0   1   1   1   1 
3wh8_A               -          Q59976               -           4.5e-128  432.4  13.3  6.5e-127  428.6  13.3   1.9   1   1   0   1   1   1   1 
5ayi_A               -          Q59976               -           3.1e-127  429.6  13.3  4.5e-126  425.8  13.3   1.9   1   1   0   1   1   1   1 
5ayb_A               -          Q59976               -           3.9e-127  429.3  13.6  5.6e-126  425.5  13.6   1.9   1   1   0   1   1   1   1 
5idi_A               -          Q59976               -             3e-125  423.1   1.1  5.9e-124  418.8   1.1   1.9   1   1   0   1   1   1   1 
5idi_B               -          Q59976               -             3e-125  423.1   1.1  5.9e-124  418.8   1.1   1.9   1   1   0   1   1   1   1 
3ahx_A               -          Q59976               -           9.9e-124  418.1   0.7  2.9e-123  416.5   0.7   1.6   1   1   0   1   1   1   1 
3ahx_B               -          Q59976               -           9.9e-124  418.1   0.7  2.9e-123  416.5   0.7   1.6   1   1   0   1   1   1   1 
3ahx_C               -          Q59976               -           9.9e-124  418.1   0.7  2.9e-123  416.5   0.7   1.6   1   1   0   1   1   1   1 
3ahx_D               -          Q59976               -           9.9e-124  418.1   0.7  2.9e-123  416.5   0.7   1.6   1   1   0   1   1   1   1 
1qox_A               -          Q59976               -           5.9e-123  415.5   5.8  1.5e-122  414.2   5.8   1.6   1   1   0   1   1   1   1 
1qox_B               -          Q59976               -           5.9e-123  415.5   5.8  1.5e-122  414.2   5.8   1.6   1   1   0   1   1   1   1 
1qox_C               -          Q59976               -           5.9e-123  415.5   5.8  1.5e-122  414.2   5.8   1.6   1   1   0   1   1   1   1 
1qox_D               -          Q59976               -           5.9e-123  415.5   5.8  1.5e-122  414.2   5.8   1.6   1   1   0   1   1   1   1 
1qox_E               -          Q59976               -           5.9e-123  415.5   5.8  1.5e-122  414.2   5.8   1.6   1   1   0   1   1   1   1 
1qox_F               -          Q59976               -           5.9e-123  415.5   5.8  1.5e-122  414.2   5.8   1.6   1   1   0   1   1   1   1 
1qox_G               -          Q59976               -           5.9e-123  415.5   5.8  1.5e-122  414.2   5.8   1.6   1   1   0   1   1   1   1 
1qox_H               -          Q59976               -           5.9e-123  415.5   5.8  1.5e-122  414.2   5.8   1.6   1   1   0   1   1   1   1 
1qox_I               -          Q59976               -           5.9e-123  415.5   5.8  1.5e-122  414.2   5.8   1.6   1   1   0   1   1   1   1 
1qox_J               -          Q59976               -           5.9e-123  415.5   5.8  1.5e-122  414.2   5.8   1.6   1   1   0   1   1   1   1 
1qox_K               -          Q59976               -           5.9e-123  415.5   5.8  1.5e-122  414.2   5.8   1.6   1   1   0   1   1   1   1 
1qox_L               -          Q59976               -           5.9e-123  415.5   5.8  1.5e-122  414.2   5.8   1.6   1   1   0   1   1   1   1 
1qox_M               -          Q59976               -           5.9e-123  415.5   5.8  1.5e-122  414.2   5.8   1.6   1   1   0   1   1   1   1 
1qox_N               -          Q59976               -           5.9e-123  415.5   5.8  1.5e-122  414.2   5.8   1.6   1   1   0   1   1   1   1 
1qox_O               -          Q59976               -           5.9e-123  415.5   5.8  1.5e-122  414.2   5.8   1.6   1   1   0   1   1   1   1 
1qox_P               -          Q59976               -           5.9e-123  415.5   5.8  1.5e-122  414.2   5.8   1.6   1   1   0   1   1   1   1 
1e4i_A               -          Q59976               -           3.7e-122  412.9   2.0  1.5e-120  407.6   2.0   2.0   1   1   0   1   1   1   1 
1tr1_A               -          Q59976               -           4.1e-122  412.7   2.2  1.7e-120  407.4   2.2   2.0   1   1   0   1   1   1   1 
1tr1_B               -          Q59976               -           4.1e-122  412.7   2.2  1.7e-120  407.4   2.2   2.0   1   1   0   1   1   1   1 
1tr1_C               -          Q59976               -           4.1e-122  412.7   2.2  1.7e-120  407.4   2.2   2.0   1   1   0   1   1   1   1 
1tr1_D               -          Q59976               -           4.1e-122  412.7   2.2  1.7e-120  407.4   2.2   2.0   1   1   0   1   1   1   1 
1uyq_A               -          Q59976               -           6.1e-122  412.2   2.4  2.4e-120  406.9   2.4   2.0   1   1   0   1   1   1   1 
1bgg_A               -          Q59976               -           1.6e-121  410.8   2.3  6.7e-120  405.4   2.3   2.0   1   1   0   1   1   1   1 
1bgg_B               -          Q59976               -           1.6e-121  410.8   2.3  6.7e-120  405.4   2.3   2.0   1   1   0   1   1   1   1 
1bgg_C               -          Q59976               -           1.6e-121  410.8   2.3  6.7e-120  405.4   2.3   2.0   1   1   0   1   1   1   1 
1bgg_D               -          Q59976               -           1.6e-121  410.8   2.3  6.7e-120  405.4   2.3   2.0   1   1   0   1   1   1   1 
1bga_A               -          Q59976               -           1.7e-121  410.7   2.3  6.7e-120  405.5   2.3   2.0   1   1   0   1   1   1   1 
1bga_B               -          Q59976               -           1.7e-121  410.7   2.3  6.7e-120  405.5   2.3   2.0   1   1   0   1   1   1   1 
1bga_C               -          Q59976               -           1.7e-121  410.7   2.3  6.7e-120  405.5   2.3   2.0   1   1   0   1   1   1   1 
1bga_D               -          Q59976               -           1.7e-121  410.7   2.3  6.7e-120  405.5   2.3   2.0   1   1   0   1   1   1   1 
5dt5_A               -          Q59976               -           4.4e-120  406.1   2.5  6.4e-119  402.2   2.5   1.9   1   1   0   1   1   1   1 
5dt5_B               -          Q59976               -           4.4e-120  406.1   2.5  6.4e-119  402.2   2.5   1.9   1   1   0   1   1   1   1 
5dt5_C               -          Q59976               -           4.4e-120  406.1   2.5  6.4e-119  402.2   2.5   1.9   1   1   0   1   1   1   1 
5dt5_D               -          Q59976               -           4.4e-120  406.1   2.5  6.4e-119  402.2   2.5   1.9   1   1   0   1   1   1   1 
5dt5_E               -          Q59976               -           4.4e-120  406.1   2.5  6.4e-119  402.2   2.5   1.9   1   1   0   1   1   1   1 
5dt5_F               -          Q59976               -           4.4e-120  406.1   2.5  6.4e-119  402.2   2.5   1.9   1   1   0   1   1   1   1 
5dt5_G               -          Q59976               -           4.4e-120  406.1   2.5  6.4e-119  402.2   2.5   1.9   1   1   0   1   1   1   1 
5dt5_H               -          Q59976               -           4.4e-120  406.1   2.5  6.4e-119  402.2   2.5   1.9   1   1   0   1   1   1   1 
5dt7_A               -          Q59976               -           4.4e-120  406.1   2.5  6.4e-119  402.2   2.5   1.9   1   1   0   1   1   1   1 
5dt7_B               -          Q59976               -           4.4e-120  406.1   2.5  6.4e-119  402.2   2.5   1.9   1   1   0   1   1   1   1 
5dt7_C               -          Q59976               -           4.4e-120  406.1   2.5  6.4e-119  402.2   2.5   1.9   1   1   0   1   1   1   1 
5dt7_D               -          Q59976               -           4.4e-120  406.1   2.5  6.4e-119  402.2   2.5   1.9   1   1   0   1   1   1   1 
4gxp_A               -          Q59976               -             1e-116  394.9   3.2  1.6e-116  394.3   3.2   1.2   1   0   0   1   1   1   1 
4gxp_B               -          Q59976               -             1e-116  394.9   3.2  1.6e-116  394.3   3.2   1.2   1   0   0   1   1   1   1 
4gxp_C               -          Q59976               -             1e-116  394.9   3.2  1.6e-116  394.3   3.2   1.2   1   0   0   1   1   1   1 
5gnz_A               -          Q59976               -           2.9e-114  386.8  14.6  1.2e-113  384.8  14.6   1.7   1   1   0   1   1   1   1 
5gnz_B               -          Q59976               -           2.9e-114  386.8  14.6  1.2e-113  384.8  14.6   1.7   1   1   0   1   1   1   1 
5gnz_C               -          Q59976               -           2.9e-114  386.8  14.6  1.2e-113  384.8  14.6   1.7   1   1   0   1   1   1   1 
5gnz_D               -          Q59976               -           2.9e-114  386.8  14.6  1.2e-113  384.8  14.6   1.7   1   1   0   1   1   1   1 
5gnz_H               -          Q59976               -           2.9e-114  386.8  14.6  1.2e-113  384.8  14.6   1.7   1   1   0   1   1   1   1 
5gnz_I               -          Q59976               -           2.9e-114  386.8  14.6  1.2e-113  384.8  14.6   1.7   1   1   0   1   1   1   1 
5gnz_J               -          Q59976               -           2.9e-114  386.8  14.6  1.2e-113  384.8  14.6   1.7   1   1   0   1   1   1   1 
5gnz_K               -          Q59976               -           2.9e-114  386.8  14.6  1.2e-113  384.8  14.6   1.7   1   1   0   1   1   1   1 
5gny_A               -          Q59976               -             5e-112  379.5  15.1  2.1e-111  377.4  15.1   1.7   1   1   0   1   1   1   1 
5gny_B               -          Q59976               -             5e-112  379.5  15.1  2.1e-111  377.4  15.1   1.7   1   1   0   1   1   1   1 
5gny_C               -          Q59976               -             5e-112  379.5  15.1  2.1e-111  377.4  15.1   1.7   1   1   0   1   1   1   1 
5gny_D               -          Q59976               -             5e-112  379.5  15.1  2.1e-111  377.4  15.1   1.7   1   1   0   1   1   1   1 
5gnx_A               -          Q59976               -           1.2e-111  378.2  15.0  5.2e-111  376.1  15.0   1.7   1   1   0   1   1   1   1 
5gnx_B               -          Q59976               -           1.2e-111  378.2  15.0  5.2e-111  376.1  15.0   1.7   1   1   0   1   1   1   1 
4ze4_A               -          Q59976               -           5.1e-101  343.2   6.9  6.9e-101  342.7   6.9   1.0   1   0   0   1   1   1   1 
4ze4_B               -          Q59976               -           5.1e-101  343.2   6.9  6.9e-101  342.7   6.9   1.0   1   0   0   1   1   1   1 
4zeh_A               -          Q59976               -           5.1e-101  343.2   6.9  6.9e-101  342.7   6.9   1.0   1   0   0   1   1   1   1 
4zeh_B               -          Q59976               -           5.1e-101  343.2   6.9  6.9e-101  342.7   6.9   1.0   1   0   0   1   1   1   1 
4zeh_C               -          Q59976               -           5.1e-101  343.2   6.9  6.9e-101  342.7   6.9   1.0   1   0   0   1   1   1   1 
4zeh_D               -          Q59976               -           5.1e-101  343.2   6.9  6.9e-101  342.7   6.9   1.0   1   0   0   1   1   1   1 
4zen_A               -          Q59976               -           5.1e-101  343.2   6.9  6.9e-101  342.7   6.9   1.0   1   0   0   1   1   1   1 
4zen_B               -          Q59976               -           5.1e-101  343.2   6.9  6.9e-101  342.7   6.9   1.0   1   0   0   1   1   1   1 
4zep_A               -          Q59976               -           5.1e-101  343.2   6.9  6.9e-101  342.7   6.9   1.0   1   0   0   1   1   1   1 
4zep_B               -          Q59976               -           5.1e-101  343.2   6.9  6.9e-101  342.7   6.9   1.0   1   0   0   1   1   1   1 
4ze5_A               -          Q59976               -           1.2e-100  341.9   6.8  1.7e-100  341.5   6.8   1.0   1   0   0   1   1   1   1 
4ze5_B               -          Q59976               -           1.2e-100  341.9   6.8  1.7e-100  341.5   6.8   1.0   1   0   0   1   1   1   1 
4ze5_C               -          Q59976               -           1.2e-100  341.9   6.8  1.7e-100  341.5   6.8   1.0   1   0   0   1   1   1   1 
4ze5_D               -          Q59976               -           1.2e-100  341.9   6.8  1.7e-100  341.5   6.8   1.0   1   0   0   1   1   1   1 
4zfm_A               -          Q59976               -           1.2e-100  341.9   6.8  1.7e-100  341.5   6.8   1.0   1   0   0   1   1   1   1 
4zfm_B               -          Q59976               -           1.2e-100  341.9   6.8  1.7e-100  341.5   6.8   1.0   1   0   0   1   1   1   1 
4zfm_C               -          Q59976               -           1.2e-100  341.9   6.8  1.7e-100  341.5   6.8   1.0   1   0   0   1   1   1   1 
4zfm_D               -          Q59976               -           1.2e-100  341.9   6.8  1.7e-100  341.5   6.8   1.0   1   0   0   1   1   1   1 
2e3z_A               -          Q59976               -           1.6e-100  341.5   5.8  2.2e-100  341.1   5.8   1.0   1   0   0   1   1   1   1 
2e3z_B               -          Q59976               -           1.6e-100  341.5   5.8  2.2e-100  341.1   5.8   1.0   1   0   0   1   1   1   1 
2e40_A               -          Q59976               -           1.6e-100  341.5   5.8  2.2e-100  341.1   5.8   1.0   1   0   0   1   1   1   1 
2e40_B               -          Q59976               -           1.6e-100  341.5   5.8  2.2e-100  341.1   5.8   1.0   1   0   0   1   1   1   1 
4jho_A               -          Q59976               -            1.4e-94  321.9   3.3   2.1e-94  321.4   3.3   1.1   1   0   0   1   1   1   1 
4jie_A               -          Q59976               -            1.4e-94  321.9   3.3   2.1e-94  321.4   3.3   1.1   1   0   0   1   1   1   1 
4re2_A               -          Q59976               -            1.4e-94  321.9   3.3   2.1e-94  321.4   3.3   1.1   1   0   0   1   1   1   1 
4re3_A               -          Q59976               -            1.4e-94  321.9   3.3   2.1e-94  321.4   3.3   1.1   1   0   0   1   1   1   1 
4re4_A               -          Q59976               -            1.4e-94  321.9   3.3   2.1e-94  321.4   3.3   1.1   1   0   0   1   1   1   1 
3gno_A               -          Q59976               -            1.5e-94  321.9   2.2   2.9e-94  320.9   2.2   1.4   1   1   0   1   1   1   1 
3gnp_A               -          Q59976               -            1.5e-94  321.9   2.2   2.9e-94  320.9   2.2   1.4   1   1   0   1   1   1   1 
3gnr_A               -          Q59976               -            1.5e-94  321.9   2.2   2.9e-94  320.9   2.2   1.4   1   1   0   1   1   1   1 
3wba_A               -          Q59976               -            3.6e-94  320.6   2.2   7.3e-94  319.6   2.2   1.4   1   1   0   1   1   1   1 
3wbe_A               -          Q59976               -            3.6e-94  320.6   2.2   7.3e-94  319.6   2.2   1.4   1   1   0   1   1   1   1 
3wq4_A               -          Q59976               -            2.1e-92  314.7   0.0   3.5e-92  314.0   0.0   1.2   1   0   0   1   1   1   1 
3wq4_B               -          Q59976               -            2.1e-92  314.7   0.0   3.5e-92  314.0   0.0   1.2   1   0   0   1   1   1   1 
3wq5_A               -          Q59976               -            2.1e-92  314.7   0.0   3.5e-92  314.0   0.0   1.2   1   0   0   1   1   1   1 
3wq5_B               -          Q59976               -            2.1e-92  314.7   0.0   3.5e-92  314.0   0.0   1.2   1   0   0   1   1   1   1 
3wq6_A               -          Q59976               -            2.1e-92  314.7   0.0   3.5e-92  314.0   0.0   1.2   1   0   0   1   1   1   1 
3wq6_B               -          Q59976               -            2.1e-92  314.7   0.0   3.5e-92  314.0   0.0   1.2   1   0   0   1   1   1   1 
3ptk_A               -          Q59976               -            2.1e-91  311.4   0.4   3.6e-91  310.7   0.4   1.3   1   1   0   1   1   1   1 
3ptk_B               -          Q59976               -            2.1e-91  311.4   0.4   3.6e-91  310.7   0.4   1.3   1   1   0   1   1   1   1 
3ptm_A               -          Q59976               -            2.1e-91  311.4   0.4   3.6e-91  310.7   0.4   1.3   1   1   0   1   1   1   1 
3ptm_B               -          Q59976               -            2.1e-91  311.4   0.4   3.6e-91  310.7   0.4   1.3   1   1   0   1   1   1   1 
3ptq_A               -          Q59976               -            2.1e-91  311.4   0.4   3.6e-91  310.7   0.4   1.3   1   1   0   1   1   1   1 
3ptq_B               -          Q59976               -            2.1e-91  311.4   0.4   3.6e-91  310.7   0.4   1.3   1   1   0   1   1   1   1 
2rgl_A               -          Q59976               -            3.1e-88  301.0   1.3   3.9e-88  300.6   1.3   1.1   1   0   0   1   1   1   1 
2rgl_B               -          Q59976               -            3.1e-88  301.0   1.3   3.9e-88  300.6   1.3   1.1   1   0   0   1   1   1   1 
2rgm_A               -          Q59976               -            3.1e-88  301.0   1.3   3.9e-88  300.6   1.3   1.1   1   0   0   1   1   1   1 
2rgm_B               -          Q59976               -            3.1e-88  301.0   1.3   3.9e-88  300.6   1.3   1.1   1   0   0   1   1   1   1 
4qll_A               -          Q59976               -              4e-88  300.6   1.4   5.1e-88  300.3   1.4   1.0   1   0   0   1   1   1   1 
4qll_B               -          Q59976               -              4e-88  300.6   1.4   5.1e-88  300.3   1.4   1.0   1   0   0   1   1   1   1 
4qlk_A               -          Q59976               -            4.9e-88  300.3   1.2   6.2e-88  300.0   1.2   1.0   1   0   0   1   1   1   1 
4qlk_B               -          Q59976               -            4.9e-88  300.3   1.2   6.2e-88  300.0   1.2   1.0   1   0   0   1   1   1   1 
3aht_A               -          Q59976               -            7.7e-88  299.7   1.2   9.9e-88  299.3   1.2   1.1   1   0   0   1   1   1   1 
3aht_B               -          Q59976               -            7.7e-88  299.7   1.2   9.9e-88  299.3   1.2   1.1   1   0   0   1   1   1   1 
3ahv_A               -          Q59976               -            7.7e-88  299.7   1.2   9.9e-88  299.3   1.2   1.1   1   0   0   1   1   1   1 
3ahv_B               -          Q59976               -            7.7e-88  299.7   1.2   9.9e-88  299.3   1.2   1.1   1   0   0   1   1   1   1 
3f4v_A               -          Q59976               -            7.7e-88  299.7   1.2   9.9e-88  299.3   1.2   1.1   1   0   0   1   1   1   1 
3f4v_B               -          Q59976               -            7.7e-88  299.7   1.2   9.9e-88  299.3   1.2   1.1   1   0   0   1   1   1   1 
3f5j_A               -          Q59976               -            7.7e-88  299.7   1.2   9.9e-88  299.3   1.2   1.1   1   0   0   1   1   1   1 
3f5j_B               -          Q59976               -            7.7e-88  299.7   1.2   9.9e-88  299.3   1.2   1.1   1   0   0   1   1   1   1 
3f5k_A               -          Q59976               -            7.7e-88  299.7   1.2   9.9e-88  299.3   1.2   1.1   1   0   0   1   1   1   1 
3f5k_B               -          Q59976               -            7.7e-88  299.7   1.2   9.9e-88  299.3   1.2   1.1   1   0   0   1   1   1   1 
3f5l_A               -          Q59976               -            7.7e-88  299.7   1.2   9.9e-88  299.3   1.2   1.1   1   0   0   1   1   1   1 
3f5l_B               -          Q59976               -            7.7e-88  299.7   1.2   9.9e-88  299.3   1.2   1.1   1   0   0   1   1   1   1 
3scr_A               -          Q59976               -            1.5e-87  298.7   1.3     2e-87  298.3   1.3   1.1   1   0   0   1   1   1   1 
3scr_B               -          Q59976               -            1.5e-87  298.7   1.3     2e-87  298.3   1.3   1.1   1   0   0   1   1   1   1 
3scs_A               -          Q59976               -            1.5e-87  298.7   1.3     2e-87  298.3   1.3   1.1   1   0   0   1   1   1   1 
3scs_B               -          Q59976               -            1.5e-87  298.7   1.3     2e-87  298.3   1.3   1.1   1   0   0   1   1   1   1 
4qlj_A               -          Q59976               -            1.7e-87  298.6   1.6   2.1e-87  298.2   1.6   1.0   1   0   0   1   1   1   1 
4qlj_B               -          Q59976               -            1.7e-87  298.6   1.6   2.1e-87  298.2   1.6   1.0   1   0   0   1   1   1   1 
3scw_A               -          Q59976               -              2e-87  298.3   1.4   2.6e-87  298.0   1.4   1.0   1   0   0   1   1   1   1 
3scw_B               -          Q59976               -              2e-87  298.3   1.4   2.6e-87  298.0   1.4   1.0   1   0   0   1   1   1   1 
3scp_A               -          Q59976               -            2.3e-87  298.1   1.4   2.9e-87  297.8   1.4   1.1   1   0   0   1   1   1   1 
3scp_B               -          Q59976               -            2.3e-87  298.1   1.4   2.9e-87  297.8   1.4   1.1   1   0   0   1   1   1   1 
3scq_A               -          Q59976               -            2.3e-87  298.1   1.4   2.9e-87  297.8   1.4   1.1   1   0   0   1   1   1   1 
3scq_B               -          Q59976               -            2.3e-87  298.1   1.4   2.9e-87  297.8   1.4   1.1   1   0   0   1   1   1   1 
3scn_A               -          Q59976               -            3.1e-87  297.7   1.4     4e-87  297.3   1.4   1.1   1   0   0   1   1   1   1 
3scn_B               -          Q59976               -            3.1e-87  297.7   1.4     4e-87  297.3   1.4   1.1   1   0   0   1   1   1   1 
3sco_A               -          Q59976               -            3.1e-87  297.7   1.4     4e-87  297.3   1.4   1.1   1   0   0   1   1   1   1 
3sco_B               -          Q59976               -            3.1e-87  297.7   1.4     4e-87  297.3   1.4   1.1   1   0   0   1   1   1   1 
3sct_A               -          Q59976               -            3.1e-87  297.7   1.4     4e-87  297.3   1.4   1.1   1   0   0   1   1   1   1 
3sct_B               -          Q59976               -            3.1e-87  297.7   1.4     4e-87  297.3   1.4   1.1   1   0   0   1   1   1   1 
3scu_A               -          Q59976               -            3.1e-87  297.7   1.4     4e-87  297.3   1.4   1.1   1   0   0   1   1   1   1 
3scu_B               -          Q59976               -            3.1e-87  297.7   1.4     4e-87  297.3   1.4   1.1   1   0   0   1   1   1   1 
3scv_A               -          Q59976               -            4.9e-87  297.0   1.5   6.5e-87  296.6   1.5   1.1   1   0   0   1   1   1   1 
3scv_B               -          Q59976               -            4.9e-87  297.0   1.5   6.5e-87  296.6   1.5   1.1   1   0   0   1   1   1   1 
3zj6_A               -          Q59976               -            4.8e-86  293.8   3.0   6.9e-54  187.7   0.3   2.0   2   0   0   2   2   2   2 
3zj6_B               -          Q59976               -            4.8e-86  293.8   3.0   6.9e-54  187.7   0.3   2.0   2   0   0   2   2   2   2 
4a3y_A               -          Q59976               -            4.8e-86  293.8   3.0   6.9e-54  187.7   0.3   2.0   2   0   0   2   2   2   2 
4a3y_B               -          Q59976               -            4.8e-86  293.8   3.0   6.9e-54  187.7   0.3   2.0   2   0   0   2   2   2   2 
4atd_A               -          Q59976               -            5.6e-86  293.6   3.2   6.2e-54  187.8   0.3   2.0   2   0   0   2   2   2   2 
4atd_B               -          Q59976               -            5.6e-86  293.6   3.2   6.2e-54  187.8   0.3   2.0   2   0   0   2   2   2   2 
4atl_A               -          Q59976               -            5.6e-86  293.6   3.2   6.2e-54  187.8   0.3   2.0   2   0   0   2   2   2   2 
4atl_B               -          Q59976               -            5.6e-86  293.6   3.2   6.2e-54  187.8   0.3   2.0   2   0   0   2   2   2   2 
3aiu_A               -          Q59976               -            1.1e-85  292.6   2.1   1.7e-85  292.0   2.1   1.2   1   0   0   1   1   1   1 
3aiv_A               -          Q59976               -            1.1e-85  292.6   2.1   1.7e-85  292.0   2.1   1.2   1   0   0   1   1   1   1 
3aiw_A               -          Q59976               -            1.1e-85  292.6   2.1   1.7e-85  292.0   2.1   1.2   1   0   0   1   1   1   1 
3u57_A               -          Q59976               -            1.4e-85  292.3   3.1   1.6e-53  186.5   0.3   2.0   2   0   0   2   2   2   2 
3u57_B               -          Q59976               -            1.4e-85  292.3   3.1   1.6e-53  186.5   0.3   2.0   2   0   0   2   2   2   2 
3u5u_A               -          Q59976               -            1.4e-85  292.3   3.1   1.6e-53  186.5   0.3   2.0   2   0   0   2   2   2   2 
3u5u_B               -          Q59976               -            1.4e-85  292.3   3.1   1.6e-53  186.5   0.3   2.0   2   0   0   2   2   2   2 
3u5y_A               -          Q59976               -            1.4e-85  292.3   3.1   1.6e-53  186.5   0.3   2.0   2   0   0   2   2   2   2 
3u5y_B               -          Q59976               -            1.4e-85  292.3   3.1   1.6e-53  186.5   0.3   2.0   2   0   0   2   2   2   2 
4ek7_A               -          Q59976               -            1.4e-85  292.3   3.1   1.6e-53  186.5   0.3   2.0   2   0   0   2   2   2   2 
4ek7_B               -          Q59976               -            1.4e-85  292.3   3.1   1.6e-53  186.5   0.3   2.0   2   0   0   2   2   2   2 
2jf6_A               -          Q59976               -            3.2e-85  291.1   0.1   4.3e-85  290.6   0.1   1.0   1   0   0   1   1   1   1 
2jf6_B               -          Q59976               -            3.2e-85  291.1   0.1   4.3e-85  290.6   0.1   1.0   1   0   0   1   1   1   1 
2jf7_A               -          Q59976               -            3.2e-85  291.1   0.1   4.3e-85  290.6   0.1   1.0   1   0   0   1   1   1   1 
2jf7_B               -          Q59976               -            3.2e-85  291.1   0.1   4.3e-85  290.6   0.1   1.0   1   0   0   1   1   1   1 
3zj7_A               -          Q59976               -            3.2e-85  291.1   0.1   4.3e-85  290.6   0.1   1.0   1   0   0   1   1   1   1 
3zj7_B               -          Q59976               -            3.2e-85  291.1   0.1   4.3e-85  290.6   0.1   1.0   1   0   0   1   1   1   1 
3zj8_A               -          Q59976               -            3.2e-85  291.1   0.1   4.3e-85  290.6   0.1   1.0   1   0   0   1   1   1   1 
3zj8_B               -          Q59976               -            3.2e-85  291.1   0.1   4.3e-85  290.6   0.1   1.0   1   0   0   1   1   1   1 
4mdo_A               -          Q59976               -            9.6e-84  286.2   2.2   1.6e-83  285.5   2.2   1.2   1   0   0   1   1   1   1 
4mdp_A               -          Q59976               -            9.6e-84  286.2   2.2   1.6e-83  285.5   2.2   1.2   1   0   0   1   1   1   1 
3ahy_A               -          Q59976               -            1.9e-83  285.2   5.3   3.3e-83  284.4   5.3   1.2   1   1   0   1   1   1   1 
3ahy_B               -          Q59976               -            1.9e-83  285.2   5.3   3.3e-83  284.4   5.3   1.2   1   1   0   1   1   1   1 
3ahy_C               -          Q59976               -            1.9e-83  285.2   5.3   3.3e-83  284.4   5.3   1.2   1   1   0   1   1   1   1 
3ahy_D               -          Q59976               -            1.9e-83  285.2   5.3   3.3e-83  284.4   5.3   1.2   1   1   0   1   1   1   1 
1cbg_A               -          Q59976               -            2.6e-83  284.7   1.3   6.6e-83  283.4   1.3   1.5   1   1   0   1   1   1   1 
2dga_A               -          Q59976               -            3.6e-83  284.3   1.3   5.6e-83  283.6   1.3   1.2   1   0   0   1   1   1   1 
3aiq_A               -          Q59976               -            3.6e-83  284.3   1.3   5.6e-83  283.6   1.3   1.2   1   0   0   1   1   1   1 
3air_A               -          Q59976               -            3.6e-83  284.3   1.3   5.6e-83  283.6   1.3   1.2   1   0   0   1   1   1   1 
1v03_A               -          Q59976               -            1.6e-82  282.2   0.9   2.8e-82  281.3   0.9   1.3   1   0   0   1   1   1   1 
5bwf_A               -          Q59976               -            2.1e-82  281.7   2.2   3.1e-82  281.2   2.2   1.1   1   0   0   1   1   1   1 
5bwf_B               -          Q59976               -            2.1e-82  281.7   2.2   3.1e-82  281.2   2.2   1.1   1   0   0   1   1   1   1 
3ais_A               -          Q59976               -            2.6e-82  281.4   1.4   4.2e-82  280.8   1.4   1.2   1   0   0   1   1   1   1 
1v02_E               -          Q59976               -            3.8e-82  280.9   0.7   6.8e-82  280.1   0.7   1.3   1   0   0   1   1   1   1 
1v02_A               -          Q59976               -              1e-81  279.5   0.8   1.9e-81  278.6   0.8   1.3   1   0   0   1   1   1   1 
1v02_B               -          Q59976               -              1e-81  279.5   0.8   1.9e-81  278.6   0.8   1.3   1   0   0   1   1   1   1 
1v02_C               -          Q59976               -              1e-81  279.5   0.8   1.9e-81  278.6   0.8   1.3   1   0   0   1   1   1   1 
1v02_D               -          Q59976               -              1e-81  279.5   0.8   1.9e-81  278.6   0.8   1.3   1   0   0   1   1   1   1 
1v02_F               -          Q59976               -              1e-81  279.5   0.8   1.9e-81  278.6   0.8   1.3   1   0   0   1   1   1   1 
3ahz_A               -          Q59976               -            6.7e-80  273.5   3.5   8.9e-80  273.1   3.5   1.2   1   0   0   1   1   1   1 
3vif_A               -          Q59976               -            6.7e-80  273.5   3.5   8.9e-80  273.1   3.5   1.2   1   0   0   1   1   1   1 
3vig_A               -          Q59976               -            6.7e-80  273.5   3.5   8.9e-80  273.1   3.5   1.2   1   0   0   1   1   1   1 
3vih_A               -          Q59976               -            6.7e-80  273.5   3.5   8.9e-80  273.1   3.5   1.2   1   0   0   1   1   1   1 
3vii_A               -          Q59976               -            6.7e-80  273.5   3.5   8.9e-80  273.1   3.5   1.2   1   0   0   1   1   1   1 
3ai0_A               -          Q59976               -            1.9e-79  272.0   3.7   2.6e-79  271.6   3.7   1.2   1   0   0   1   1   1   1 
3vim_A               -          Q59976               -            1.9e-79  272.0   3.7   2.6e-79  271.6   3.7   1.2   1   0   0   1   1   1   1 
3vin_A               -          Q59976               -            1.9e-79  272.0   3.7   2.6e-79  271.6   3.7   1.2   1   0   0   1   1   1   1 
3vio_A               -          Q59976               -            1.9e-79  272.0   3.7   2.6e-79  271.6   3.7   1.2   1   0   0   1   1   1   1 
3vip_A               -          Q59976               -            1.9e-79  272.0   3.7   2.6e-79  271.6   3.7   1.2   1   0   0   1   1   1   1 
3vik_A               -          Q59976               -            3.3e-79  271.2   3.6   4.4e-79  270.8   3.6   1.2   1   0   0   1   1   1   1 
3vil_A               -          Q59976               -            3.3e-79  271.2   3.6   4.4e-79  270.8   3.6   1.2   1   0   0   1   1   1   1 
3vij_A               -          Q59976               -            5.1e-79  270.6   3.7   6.8e-79  270.2   3.7   1.2   1   0   0   1   1   1   1 
5cg0_A               -          Q59976               -            5.4e-75  257.3   2.7   8.5e-75  256.7   2.7   1.2   1   0   0   1   1   1   1 
5cg0_B               -          Q59976               -            5.4e-75  257.3   2.7   8.5e-75  256.7   2.7   1.2   1   0   0   1   1   1   1 
5cg0_C               -          Q59976               -            5.4e-75  257.3   2.7   8.5e-75  256.7   2.7   1.2   1   0   0   1   1   1   1 
5cg0_D               -          Q59976               -            5.4e-75  257.3   2.7   8.5e-75  256.7   2.7   1.2   1   0   0   1   1   1   1 
5cg0_E               -          Q59976               -            5.4e-75  257.3   2.7   8.5e-75  256.7   2.7   1.2   1   0   0   1   1   1   1 
5cg0_F               -          Q59976               -            5.4e-75  257.3   2.7   8.5e-75  256.7   2.7   1.2   1   0   0   1   1   1   1 
1pbg_A               -          Q59976               -            9.5e-75  256.5   2.2   1.1e-74  256.3   2.2   1.0   1   0   0   1   1   1   1 
1pbg_B               -          Q59976               -            9.5e-75  256.5   2.2   1.1e-74  256.3   2.2   1.0   1   0   0   1   1   1   1 
3pbg_A               -          Q59976               -            9.5e-75  256.5   2.2   1.1e-74  256.3   2.2   1.0   1   0   0   1   1   1   1 
3pbg_B               -          Q59976               -            9.5e-75  256.5   2.2   1.1e-74  256.3   2.2   1.0   1   0   0   1   1   1   1 
1hxj_A               -          Q59976               -            1.2e-74  256.1   0.4   2.3e-74  255.2   0.4   1.3   1   1   0   1   1   1   1 
1hxj_B               -          Q59976               -            1.2e-74  256.1   0.4   2.3e-74  255.2   0.4   1.3   1   1   0   1   1   1   1 
1e1e_A               -          Q59976               -            1.3e-74  256.1   0.4   2.4e-74  255.2   0.4   1.3   1   1   0   1   1   1   1 
1e1e_B               -          Q59976               -            1.3e-74  256.1   0.4   2.4e-74  255.2   0.4   1.3   1   1   0   1   1   1   1 
1e1f_A               -          Q59976               -            1.3e-74  256.1   0.4   2.4e-74  255.2   0.4   1.3   1   1   0   1   1   1   1 
1e1f_B               -          Q59976               -            1.3e-74  256.1   0.4   2.4e-74  255.2   0.4   1.3   1   1   0   1   1   1   1 
2pbg_A               -          Q59976               -            1.3e-74  256.1   1.8   1.5e-74  255.9   1.8   1.0   1   0   0   1   1   1   1 
1h49_A               -          Q59976               -            2.6e-74  255.1   0.4   4.9e-74  254.2   0.4   1.3   1   1   0   1   1   1   1 
1h49_B               -          Q59976               -            2.6e-74  255.1   0.4   4.9e-74  254.2   0.4   1.3   1   1   0   1   1   1   1 
1e4l_A               -          Q59976               -            3.4e-74  254.7   0.4   6.5e-74  253.8   0.4   1.3   1   1   0   1   1   1   1 
1e4l_B               -          Q59976               -            3.4e-74  254.7   0.4   6.5e-74  253.8   0.4   1.3   1   1   0   1   1   1   1 
1e4n_A               -          Q59976               -            3.4e-74  254.7   0.4   6.5e-74  253.8   0.4   1.3   1   1   0   1   1   1   1 
1e4n_B               -          Q59976               -            3.4e-74  254.7   0.4   6.5e-74  253.8   0.4   1.3   1   1   0   1   1   1   1 
1e55_A               -          Q59976               -            3.4e-74  254.7   0.4   6.5e-74  253.8   0.4   1.3   1   1   0   1   1   1   1 
1e55_B               -          Q59976               -            3.4e-74  254.7   0.4   6.5e-74  253.8   0.4   1.3   1   1   0   1   1   1   1 
1e56_A               -          Q59976               -            3.4e-74  254.7   0.4   6.5e-74  253.8   0.4   1.3   1   1   0   1   1   1   1 
1e56_B               -          Q59976               -            3.4e-74  254.7   0.4   6.5e-74  253.8   0.4   1.3   1   1   0   1   1   1   1 
1v08_A               -          Q59976               -            3.4e-74  254.7   0.4   6.5e-74  253.8   0.4   1.3   1   1   0   1   1   1   1 
1v08_B               -          Q59976               -            3.4e-74  254.7   0.4   6.5e-74  253.8   0.4   1.3   1   1   0   1   1   1   1 
1wcg_A               -          Q59976               -            8.3e-74  253.4   0.1   1.1e-73  253.0   0.1   1.1   1   0   0   1   1   1   1 
1wcg_B               -          Q59976               -            8.3e-74  253.4   0.1   1.1e-73  253.0   0.1   1.1   1   0   0   1   1   1   1 
4pbg_A               -          Q59976               -            1.3e-73  252.8   1.8   1.4e-73  252.6   1.8   1.0   1   0   0   1   1   1   1 
4pbg_B               -          Q59976               -            1.3e-73  252.8   1.8   1.4e-73  252.6   1.8   1.0   1   0   0   1   1   1   1 
2e9l_A               -          Q59976               -            2.6e-71  245.2   0.3   4.7e-71  244.3   0.3   1.4   1   1   0   1   1   1   1 
2e9m_A               -          Q59976               -            2.6e-71  245.2   0.3   4.7e-71  244.3   0.3   1.4   1   1   0   1   1   1   1 
2jfe_X               -          Q59976               -            3.4e-71  244.8   0.3   6.6e-71  243.8   0.3   1.4   1   1   0   1   1   1   1 
2zox_A               -          Q59976               -            6.7e-71  243.8   0.3   1.2e-70  243.0   0.3   1.4   1   1   0   1   1   1   1 
3vkk_A               -          Q59976               -            6.7e-71  243.8   0.3   1.2e-70  243.0   0.3   1.4   1   1   0   1   1   1   1 
5foo_A               -          Q59976               -            5.7e-63  217.6   5.6   7.7e-63  217.2   5.6   1.1   1   0   0   1   1   1   1 
5foo_B               -          Q59976               -            5.7e-63  217.6   5.6   7.7e-63  217.2   5.6   1.1   1   0   0   1   1   1   1 
5foo_C               -          Q59976               -            5.7e-63  217.6   5.6   7.7e-63  217.2   5.6   1.1   1   0   0   1   1   1   1 
5foo_D               -          Q59976               -            5.7e-63  217.6   5.6   7.7e-63  217.2   5.6   1.1   1   0   0   1   1   1   1 
5foo_E               -          Q59976               -            5.7e-63  217.6   5.6   7.7e-63  217.2   5.6   1.1   1   0   0   1   1   1   1 
5foo_F               -          Q59976               -            5.7e-63  217.6   5.6   7.7e-63  217.2   5.6   1.1   1   0   0   1   1   1   1 
4b3k_A               -          Q59976               -            9.1e-63  217.0   5.6   1.3e-62  216.5   5.6   1.2   1   0   0   1   1   1   1 
4b3k_B               -          Q59976               -            9.1e-63  217.0   5.6   1.3e-62  216.5   5.6   1.2   1   0   0   1   1   1   1 
4b3k_C               -          Q59976               -            9.1e-63  217.0   5.6   1.3e-62  216.5   5.6   1.2   1   0   0   1   1   1   1 
4b3k_D               -          Q59976               -            9.1e-63  217.0   5.6   1.3e-62  216.5   5.6   1.2   1   0   0   1   1   1   1 
4b3k_E               -          Q59976               -            9.1e-63  217.0   5.6   1.3e-62  216.5   5.6   1.2   1   0   0   1   1   1   1 
4b3k_F               -          Q59976               -            9.1e-63  217.0   5.6   1.3e-62  216.5   5.6   1.2   1   0   0   1   1   1   1 
4b3l_A               -          Q59976               -            9.1e-63  217.0   5.6   1.3e-62  216.5   5.6   1.2   1   0   0   1   1   1   1 
4b3l_B               -          Q59976               -            9.1e-63  217.0   5.6   1.3e-62  216.5   5.6   1.2   1   0   0   1   1   1   1 
4b3l_C               -          Q59976               -            9.1e-63  217.0   5.6   1.3e-62  216.5   5.6   1.2   1   0   0   1   1   1   1 
4b3l_D               -          Q59976               -            9.1e-63  217.0   5.6   1.3e-62  216.5   5.6   1.2   1   0   0   1   1   1   1 
4b3l_E               -          Q59976               -            9.1e-63  217.0   5.6   1.3e-62  216.5   5.6   1.2   1   0   0   1   1   1   1 
4b3l_F               -          Q59976               -            9.1e-63  217.0   5.6   1.3e-62  216.5   5.6   1.2   1   0   0   1   1   1   1 
1myr_A               -          Q59976               -            1.5e-58  203.1   0.5   2.9e-58  202.1   0.5   1.4   1   1   0   1   1   1   1 
1vff_A               -          Q59976               -            6.1e-58  201.1   0.9   1.2e-55  193.5   0.9   2.7   1   1   0   1   1   1   1 
1e4m_M               -          Q59976               -            8.2e-58  200.6   0.3   1.6e-57  199.7   0.3   1.4   1   1   0   1   1   1   1 
1e6q_M               -          Q59976               -            8.2e-58  200.6   0.3   1.6e-57  199.7   0.3   1.4   1   1   0   1   1   1   1 
1e6s_M               -          Q59976               -            8.2e-58  200.6   0.3   1.6e-57  199.7   0.3   1.4   1   1   0   1   1   1   1 
1e6x_M               -          Q59976               -            8.2e-58  200.6   0.3   1.6e-57  199.7   0.3   1.4   1   1   0   1   1   1   1 
1e70_M               -          Q59976               -            8.2e-58  200.6   0.3   1.6e-57  199.7   0.3   1.4   1   1   0   1   1   1   1 
1e71_M               -          Q59976               -            8.2e-58  200.6   0.3   1.6e-57  199.7   0.3   1.4   1   1   0   1   1   1   1 
1e72_M               -          Q59976               -            8.2e-58  200.6   0.3   1.6e-57  199.7   0.3   1.4   1   1   0   1   1   1   1 
1e73_M               -          Q59976               -            8.2e-58  200.6   0.3   1.6e-57  199.7   0.3   1.4   1   1   0   1   1   1   1 
1w9b_M               -          Q59976               -            8.2e-58  200.6   0.3   1.6e-57  199.7   0.3   1.4   1   1   0   1   1   1   1 
1w9d_M               -          Q59976               -            8.2e-58  200.6   0.3   1.6e-57  199.7   0.3   1.4   1   1   0   1   1   1   1 
2wxd_M               -          Q59976               -            8.2e-58  200.6   0.3   1.6e-57  199.7   0.3   1.4   1   1   0   1   1   1   1 
1dwa_M               -          Q59976               -            9.2e-58  200.5   0.3   1.8e-57  199.5   0.3   1.4   1   1   0   1   1   1   1 
1dwf_M               -          Q59976               -            9.2e-58  200.5   0.3   1.8e-57  199.5   0.3   1.4   1   1   0   1   1   1   1 
1dwg_M               -          Q59976               -            9.2e-58  200.5   0.3   1.8e-57  199.5   0.3   1.4   1   1   0   1   1   1   1 
1dwh_M               -          Q59976               -            9.2e-58  200.5   0.3   1.8e-57  199.5   0.3   1.4   1   1   0   1   1   1   1 
1dwi_M               -          Q59976               -            9.2e-58  200.5   0.3   1.8e-57  199.5   0.3   1.4   1   1   0   1   1   1   1 
1dwj_M               -          Q59976               -            9.2e-58  200.5   0.3   1.8e-57  199.5   0.3   1.4   1   1   0   1   1   1   1 
2xhy_A               -          Q59976               -            3.2e-55  192.1   0.0     6e-55  191.2   0.0   1.4   1   1   0   1   1   1   1 
2xhy_B               -          Q59976               -            3.2e-55  192.1   0.0     6e-55  191.2   0.0   1.4   1   1   0   1   1   1   1 
2xhy_C               -          Q59976               -            3.2e-55  192.1   0.0     6e-55  191.2   0.0   1.4   1   1   0   1   1   1   1 
2xhy_D               -          Q59976               -            3.2e-55  192.1   0.0     6e-55  191.2   0.0   1.4   1   1   0   1   1   1   1 
4r27_A               -          Q59976               -            3.4e-52  182.1   5.2   4.4e-31  112.5   1.5   2.1   2   0   0   2   2   2   2 
4r27_B               -          Q59976               -            3.4e-52  182.1   5.2   4.4e-31  112.5   1.5   2.1   2   0   0   2   2   2   2 
4ipl_A               -          Q59976               -            1.6e-51  179.9   0.0   2.6e-51  179.2   0.0   1.2   1   0   0   1   1   1   1 
4ipl_B               -          Q59976               -            1.6e-51  179.9   0.0   2.6e-51  179.2   0.0   1.2   1   0   0   1   1   1   1 
4ipn_B               -          Q59976               -            1.6e-51  179.9   0.0   2.6e-51  179.2   0.0   1.2   1   0   0   1   1   1   1 
4ipn_E               -          Q59976               -            1.6e-51  179.9   0.0   2.6e-51  179.2   0.0   1.2   1   0   0   1   1   1   1 
3qom_A               -          Q59976               -            1.7e-50  176.5   0.3   6.8e-50  174.5   0.3   1.7   1   1   0   1   1   1   1 
4gze_A               -          Q59976               -            1.7e-50  176.5   0.3   6.8e-50  174.5   0.3   1.7   1   1   0   1   1   1   1 
4gze_B               -          Q59976               -            1.7e-50  176.5   0.3   6.8e-50  174.5   0.3   1.7   1   1   0   1   1   1   1 
4gze_C               -          Q59976               -            1.7e-50  176.5   0.3   6.8e-50  174.5   0.3   1.7   1   1   0   1   1   1   1 
4gze_D               -          Q59976               -            1.7e-50  176.5   0.3   6.8e-50  174.5   0.3   1.7   1   1   0   1   1   1   1 
4gze_E               -          Q59976               -            1.7e-50  176.5   0.3   6.8e-50  174.5   0.3   1.7   1   1   0   1   1   1   1 
4gze_F               -          Q59976               -            1.7e-50  176.5   0.3   6.8e-50  174.5   0.3   1.7   1   1   0   1   1   1   1 
3pn8_A               -          Q59976               -            4.3e-45  158.7   0.1   9.8e-45  157.5   0.1   1.5   1   1   0   1   1   1   1 
3pn8_B               -          Q59976               -            4.3e-45  158.7   0.1   9.8e-45  157.5   0.1   1.5   1   1   0   1   1   1   1 
4f66_A               -          Q59976               -            4.3e-45  158.7   0.1   9.8e-45  157.5   0.1   1.5   1   1   0   1   1   1   1 
4f66_B               -          Q59976               -            4.3e-45  158.7   0.1   9.8e-45  157.5   0.1   1.5   1   1   0   1   1   1   1 
4f79_A               -          Q59976               -            1.1e-44  157.3   0.1   2.6e-44  156.1   0.1   1.5   1   1   0   1   1   1   1 
4gpn_A               -          Q59976               -            1.1e-44  157.3   0.1   2.6e-44  156.1   0.1   1.5   1   1   0   1   1   1   1 
4gpn_B               -          Q59976               -            1.1e-44  157.3   0.1   2.6e-44  156.1   0.1   1.5   1   1   0   1   1   1   1 
3apg_A               -          Q59976               -            6.7e-38  135.0   6.8   1.7e-26   97.3   0.5   3.4   2   1   1   3   3   3   3 
3apg_B               -          Q59976               -            6.7e-38  135.0   6.8   1.7e-26   97.3   0.5   3.4   2   1   1   3   3   3   3 
3apg_C               -          Q59976               -            6.7e-38  135.0   6.8   1.7e-26   97.3   0.5   3.4   2   1   1   3   3   3   3 
3apg_D               -          Q59976               -            6.7e-38  135.0   6.8   1.7e-26   97.3   0.5   3.4   2   1   1   3   3   3   3 
3wdp_P               -          Q59976               -            6.7e-38  135.0   7.0   1.8e-26   97.3   0.6   3.4   2   1   1   3   3   3   3 
3wdp_Q               -          Q59976               -            6.7e-38  135.0   7.0   1.8e-26   97.3   0.6   3.4   2   1   1   3   3   3   3 
3wdp_R               -          Q59976               -            6.7e-38  135.0   7.0   1.8e-26   97.3   0.6   3.4   2   1   1   3   3   3   3 
3wdp_S               -          Q59976               -            6.7e-38  135.0   7.0   1.8e-26   97.3   0.6   3.4   2   1   1   3   3   3   3 
4ha3_A               -          Q59976               -            2.4e-36  129.8  11.8   9.5e-34  121.3   4.5   3.2   2   1   0   2   2   2   2 
4ha4_A               -          Q59976               -            2.4e-36  129.8  11.8   9.5e-34  121.3   4.5   3.2   2   1   0   2   2   2   2 
3wq8_A               -          Q59976               -            2.5e-36  129.8   7.5   7.1e-25   92.0   0.8   3.4   2   1   1   3   3   3   3 
3wq8_B               -          Q59976               -            2.5e-36  129.8   7.5   7.1e-25   92.0   0.8   3.4   2   1   1   3   3   3   3 
3wq8_C               -          Q59976               -            2.5e-36  129.8   7.5   7.1e-25   92.0   0.8   3.4   2   1   1   3   3   3   3 
3wq8_D               -          Q59976               -            2.5e-36  129.8   7.5   7.1e-25   92.0   0.8   3.4   2   1   1   3   3   3   3 
3wq8_E               -          Q59976               -            2.5e-36  129.8   7.5   7.1e-25   92.0   0.8   3.4   2   1   1   3   3   3   3 
3wq8_F               -          Q59976               -            2.5e-36  129.8   7.5   7.1e-25   92.0   0.8   3.4   2   1   1   3   3   3   3 
3wq8_G               -          Q59976               -            2.5e-36  129.8   7.5   7.1e-25   92.0   0.8   3.4   2   1   1   3   3   3   3 
3wq8_H               -          Q59976               -            2.5e-36  129.8   7.5   7.1e-25   92.0   0.8   3.4   2   1   1   3   3   3   3 
3wq8_I               -          Q59976               -            2.5e-36  129.8   7.5   7.1e-25   92.0   0.8   3.4   2   1   1   3   3   3   3 
3wq8_J               -          Q59976               -            2.5e-36  129.8   7.5   7.1e-25   92.0   0.8   3.4   2   1   1   3   3   3   3 
3wq8_K               -          Q59976               -            2.5e-36  129.8   7.5   7.1e-25   92.0   0.8   3.4   2   1   1   3   3   3   3 
3wq8_L               -          Q59976               -            2.5e-36  129.8   7.5   7.1e-25   92.0   0.8   3.4   2   1   1   3   3   3   3 
1uwq_A               -          Q59976               -            1.6e-33  120.6   8.1   2.7e-33  119.7   2.6   2.6   2   1   0   2   2   2   1 
1uwq_B               -          Q59976               -            1.6e-33  120.6   8.1   2.7e-33  119.7   2.6   2.6   2   1   0   2   2   2   1 
1uwr_A               -          Q59976               -            1.6e-33  120.6   8.1   2.7e-33  119.7   2.6   2.6   2   1   0   2   2   2   1 
1uwr_B               -          Q59976               -            1.6e-33  120.6   8.1   2.7e-33  119.7   2.6   2.6   2   1   0   2   2   2   1 
1uws_A               -          Q59976               -            1.6e-33  120.6   8.1   2.7e-33  119.7   2.6   2.6   2   1   0   2   2   2   1 
1uws_B               -          Q59976               -            1.6e-33  120.6   8.1   2.7e-33  119.7   2.6   2.6   2   1   0   2   2   2   1 
1uwt_A               -          Q59976               -            1.6e-33  120.6   8.1   2.7e-33  119.7   2.6   2.6   2   1   0   2   2   2   1 
1uwt_B               -          Q59976               -            1.6e-33  120.6   8.1   2.7e-33  119.7   2.6   2.6   2   1   0   2   2   2   1 
1uwu_A               -          Q59976               -            1.6e-33  120.6   8.1   2.7e-33  119.7   2.6   2.6   2   1   0   2   2   2   1 
1uwu_B               -          Q59976               -            1.6e-33  120.6   8.1   2.7e-33  119.7   2.6   2.6   2   1   0   2   2   2   1 
2ceq_A               -          Q59976               -            1.6e-33  120.6   8.1   2.7e-33  119.7   2.6   2.6   2   1   0   2   2   2   1 
2ceq_B               -          Q59976               -            1.6e-33  120.6   8.1   2.7e-33  119.7   2.6   2.6   2   1   0   2   2   2   1 
2cer_A               -          Q59976               -            1.6e-33  120.6   8.1   2.7e-33  119.7   2.6   2.6   2   1   0   2   2   2   1 
2cer_B               -          Q59976               -            1.6e-33  120.6   8.1   2.7e-33  119.7   2.6   2.6   2   1   0   2   2   2   1 
1uwi_A               -          Q59976               -            2.2e-33  120.0   3.1   2.2e-33  120.0   3.1   2.2   2   1   0   2   2   1   1 
1uwi_B               -          Q59976               -            2.2e-33  120.0   3.1   2.2e-33  120.0   3.1   2.2   2   1   0   2   2   1   1 
1uwi_C               -          Q59976               -            2.2e-33  120.0   3.1   2.2e-33  120.0   3.1   2.2   2   1   0   2   2   1   1 
1uwi_D               -          Q59976               -            2.2e-33  120.0   3.1   2.2e-33  120.0   3.1   2.2   2   1   0   2   2   1   1 
1gow_A               -          Q59976               -            2.2e-33  120.0   2.7   2.2e-33  120.0   2.7   2.3   2   1   0   2   2   1   1 
1gow_B               -          Q59976               -            2.2e-33  120.0   2.7   2.2e-33  120.0   2.7   2.3   2   1   0   2   2   1   1 
4eam_A               -          Q59976               -            2.7e-33  119.7   7.3   2.7e-33  119.7   2.6   2.5   2   1   0   2   2   2   1 
4eam_B               -          Q59976               -            2.7e-33  119.7   7.3   2.7e-33  119.7   2.6   2.5   2   1   0   2   2   2   1 
4ean_A               -          Q59976               -            2.7e-33  119.7   7.3   2.7e-33  119.7   2.6   2.5   2   1   0   2   2   2   1 
4ean_B               -          Q59976               -            2.7e-33  119.7   7.3   2.7e-33  119.7   2.6   2.5   2   1   0   2   2   2   1 
5ixe_A               -          Q59976               -            2.7e-33  119.7   7.3   2.7e-33  119.7   2.6   2.5   2   1   0   2   2   2   1 
5ixe_B               -          Q59976               -            2.7e-33  119.7   7.3   2.7e-33  119.7   2.6   2.5   2   1   0   2   2   2   1 
5i3d_A               -          Q59976               -            1.7e-32  117.1   8.4   2.9e-32  116.3   2.8   2.6   2   1   0   2   2   2   1 
5i3d_B               -          Q59976               -            1.7e-32  117.1   8.4   2.9e-32  116.3   2.8   2.6   2   1   0   2   2   2   1 
5i3d_C               -          Q59976               -            1.7e-32  117.1   8.4   2.9e-32  116.3   2.8   2.6   2   1   0   2   2   2   1 
5i3d_D               -          Q59976               -            1.7e-32  117.1   8.4   2.9e-32  116.3   2.8   2.6   2   1   0   2   2   2   1 
1qvb_A               -          Q59976               -            3.3e-29  106.3   8.1   1.6e-20   77.6   0.2   3.6   3   1   0   3   3   3   2 
1qvb_B               -          Q59976               -            3.3e-29  106.3   8.1   1.6e-20   77.6   0.2   3.6   3   1   0   3   3   3   2 
#
# Program:         phmmer
# Version:         3.1b2 (February 2015)
# Pipeline mode:   SEARCH
# Query file:      target.fasta
# Target file:     /share/work/alex/local_pdb/sequences/pdb_seqres.txt
# Option settings: phmmer -A aln.fasta --tblout table.out --noali target.fasta /share/work/alex/local_pdb/sequences/pdb_seqres.txt 
# Current dir:     /share/work/alex/bglb_family/pipeline/output_files/2888
# Date:            Sun Jul  2 00:01:10 2017
# [ok]
